35
210
0 31 0 6
0 0 1 4
0 15 2 5
0 31 3 1
0 20 4 4
0 3 5 3
1 24 0 4
1 11 1 4
1 33 2 3
1 14 3 2
1 32 4 3
1 29 5 6
2 3 0 4
2 17 1 1
2 18 2 5
2 15 3 2
2 9 4 5
2 3 5 4
3 1 0 1
3 22 1 6
3 16 2 3
3 18 3 5
3 3 4 6
3 3 5 4
4 9 0 0
4 19 1 5
4 10 2 2
4 22 3 3
4 18 4 3
4 28 5 2
5 25 0 3
5 22 1 4
5 17 2 6
5 24 3 0
5 4 4 4
5 11 5 3
6 10 0 1
6 29 1 2
6 11 2 6
6 16 3 3
6 28 4 2
6 6 5 3
7 15 0 3
7 2 1 4
7 27 2 0
7 15 3 4
7 19 4 1
7 22 5 0
8 16 0 1
8 30 1 5
8 19 2 1
8 18 3 2
8 11 4 4
8 33 5 5
9 17 0 2
9 22 1 4
9 29 2 3
9 31 3 0
9 29 4 4
9 23 5 3
10 20 0 1
10 18 1 6
10 6 2 2
10 15 3 1
10 7 4 1
10 24 5 6
11 11 0 1
11 26 1 1
11 6 2 4
11 8 3 4
11 8 4 1
11 26 5 6
12 3 0 2
12 31 1 0
12 1 2 1
12 5 3 4
12 11 4 5
12 16 5 0
13 28 0 6
13 19 1 3
13 19 2 1
13 8 3 1
13 11 4 1
13 15 5 1
14 5 0 0
14 24 1 5
14 4 2 6
14 33 3 3
14 15 4 2
14 23 5 0
15 19 0 6
15 25 1 1
15 33 2 0
15 2 3 2
15 26 4 0
15 6 5 6
16 19 0 3
16 19 1 4
16 3 2 2
16 29 3 0
16 8 4 6
16 33 5 1
17 13 0 0
17 7 1 1
17 11 2 5
17 24 3 6
17 0 4 1
17 18 5 3
18 1 0 3
18 3 1 6
18 1 2 6
18 32 3 2
18 20 4 1
18 24 5 0
19 14 0 1
19 31 1 5
19 4 2 4
19 29 3 4
19 31 4 4
19 14 5 0
20 16 0 5
20 28 1 5
20 29 2 6
20 31 3 2
20 7 4 5
20 25 5 4
21 24 0 5
21 24 1 1
21 6 2 5
21 23 3 4
21 33 4 6
21 12 5 5
22 17 0 6
22 27 1 6
22 7 2 1
22 6 3 4
22 10 4 1
22 15 5 1
23 1 0 1
23 33 1 5
23 18 2 3
23 11 3 1
23 26 4 5
23 6 5 4
24 16 0 4
24 4 1 6
24 10 2 0
24 20 3 0
24 21 4 0
24 17 5 4
25 32 0 6
25 20 1 4
25 20 2 6
25 20 3 3
25 16 4 6
25 12 5 5
26 12 0 0
26 4 1 4
26 7 2 5
26 32 3 6
26 6 4 5
26 26 5 1
27 8 0 1
27 24 1 5
27 13 2 2
27 1 3 0
27 29 4 4
27 29 5 1
28 31 0 4
28 9 1 0
28 28 2 5
28 32 3 6
28 4 4 1
28 6 5 0
29 13 0 4
29 18 1 2
29 30 2 6
29 30 3 6
29 4 4 4
29 5 5 4
30 13 0 5
30 5 1 0
30 15 2 3
30 12 3 0
30 20 4 4
30 28 5 1
31 22 0 1
31 26 1 6
31 3 2 3
31 32 3 5
31 21 4 5
31 6 5 2
32 10 0 3
32 30 1 4
32 15 2 1
32 31 3 3
32 33 4 2
32 3 5 1
33 17 0 6
33 13 1 5
33 26 2 1
33 3 3 1
33 3 4 6
33 23 5 3
34 19 0 5
34 11 1 2
34 33 2 1
34 13 3 4
34 27 4 0
34 1 5 0