17
85
0 9 0 0
0 16 1 0
0 12 2 0
0 7 3 2
0 9 4 2
1 2 0 2
1 11 1 0
1 10 2 1
1 6 3 2
1 15 4 3
2 4 0 2
2 1 1 2
2 12 2 1
2 12 3 1
2 2 4 0
3 2 0 1
3 12 1 2
3 16 2 1
3 12 3 3
3 16 4 1
4 10 0 1
4 5 1 2
4 13 2 3
4 16 3 2
4 2 4 3
5 16 0 1
5 4 1 0
5 12 2 2
5 0 3 2
5 11 4 3
6 3 0 0
6 13 1 0
6 1 2 2
6 10 3 1
6 1 4 3
7 16 0 0
7 11 1 0
7 6 2 2
7 13 3 0
7 16 4 0
8 15 0 1
8 8 1 3
8 3 2 3
8 7 3 2
8 5 4 2
9 15 0 3
9 11 1 3
9 5 2 2
9 6 3 3
9 15 4 3
10 15 0 0
10 15 1 1
10 2 2 0
10 0 3 2
10 3 4 3
11 0 0 0
11 4 1 1
11 16 2 2
11 13 3 0
11 7 4 2
12 9 0 2
12 11 1 1
12 16 2 0
12 8 3 1
12 7 4 2
13 16 0 2
13 0 1 1
13 5 2 1
13 12 3 3
13 5 4 1
14 14 0 2
14 8 1 3
14 5 2 0
14 2 3 2
14 13 4 2
15 11 0 0
15 2 1 0
15 14 2 2
15 1 3 1
15 11 4 1
16 9 0 3
16 14 1 1
16 12 2 1
16 6 3 2
16 12 4 0