25
225
0 15 0 0
0 23 1 0
0 10 2 2
0 6 3 1
0 4 4 1
0 8 5 0
0 9 6 1
0 8 7 1
0 9 8 1
1 11 0 0
1 24 1 2
1 4 2 1
1 18 3 0
1 12 4 0
1 23 5 1
1 4 6 0
1 10 7 1
1 12 8 1
2 2 0 0
2 23 1 1
2 2 2 0
2 5 3 0
2 13 4 2
2 24 5 0
2 24 6 0
2 9 7 2
2 9 8 2
3 5 0 0
3 9 1 0
3 1 2 0
3 1 3 1
3 5 4 2
3 19 5 0
3 21 6 2
3 5 7 2
3 3 8 2
4 8 0 0
4 19 1 2
4 13 2 1
4 4 3 0
4 16 4 0
4 21 5 2
4 9 6 0
4 5 7 2
4 7 8 0
5 5 0 2
5 11 1 1
5 15 2 1
5 0 3 1
5 8 4 2
5 8 5 0
5 24 6 2
5 16 7 0
5 2 8 2
6 5 0 0
6 21 1 2
6 2 2 0
6 24 3 1
6 2 4 2
6 15 5 2
6 12 6 0
6 12 7 1
6 5 8 2
7 9 0 1
7 18 1 0
7 23 2 0
7 12 3 1
7 23 4 0
7 22 5 0
7 10 6 1
7 3 7 0
7 14 8 1
8 4 0 0
8 1 1 0
8 8 2 1
8 16 3 0
8 24 4 2
8 7 5 0
8 24 6 2
8 14 7 0
8 19 8 1
9 16 0 0
9 13 1 0
9 8 2 0
9 10 3 0
9 16 4 2
9 22 5 2
9 24 6 2
9 19 7 2
9 16 8 2
10 24 0 2
10 0 1 2
10 21 2 2
10 22 3 0
10 14 4 1
10 17 5 2
10 17 6 2
10 12 7 1
10 22 8 0
11 0 0 0
11 17 1 2
11 10 2 1
11 3 3 0
11 16 4 1
11 5 5 0
11 20 6 1
11 12 7 2
11 1 8 2
12 14 0 0
12 13 1 1
12 8 2 1
12 21 3 0
12 12 4 2
12 10 5 0
12 11 6 1
12 6 7 2
12 13 8 2
13 0 0 2
13 3 1 0
13 17 2 2
13 15 3 2
13 24 4 1
13 24 5 2
13 22 6 2
13 24 7 1
13 2 8 2
14 16 0 1
14 4 1 0
14 16 2 1
14 17 3 2
14 10 4 0
14 24 5 2
14 6 6 0
14 4 7 2
14 5 8 1
15 16 0 2
15 4 1 2
15 23 2 0
15 19 3 1
15 21 4 2
15 15 5 1
15 11 6 2
15 21 7 0
15 7 8 1
16 0 0 0
16 9 1 2
16 2 2 2
16 12 3 0
16 12 4 2
16 3 5 1
16 16 6 1
16 20 7 0
16 10 8 1
17 2 0 1
17 3 1 0
17 22 2 2
17 24 3 1
17 10 4 0
17 1 5 0
17 15 6 0
17 23 7 1
17 9 8 1
18 24 0 1
18 16 1 0
18 17 2 2
18 7 3 0
18 7 4 1
18 23 5 1
18 12 6 2
18 14 7 1
18 9 8 1
19 4 0 1
19 12 1 1
19 19 2 2
19 13 3 2
19 17 4 0
19 15 5 2
19 1 6 0
19 20 7 0
19 21 8 1
20 0 0 1
20 9 1 2
20 0 2 0
20 22 3 2
20 8 4 1
20 20 5 1
20 14 6 1
20 4 7 1
20 19 8 2
21 8 0 1
21 9 1 0
21 6 2 2
21 10 3 2
21 2 4 1
21 19 5 2
21 15 6 1
21 19 7 2
21 10 8 1
22 8 0 0
22 23 1 1
22 16 2 0
22 15 3 0
22 2 4 2
22 17 5 2
22 10 6 2
22 23 7 0
22 9 8 1
23 14 0 2
23 0 1 2
23 15 2 0
23 13 3 0
23 17 4 0
23 2 5 0
23 8 6 0
23 7 7 1
23 13 8 1
24 1 0 2
24 24 1 0
24 0 2 0
24 3 3 2
24 20 4 1
24 14 5 0
24 11 6 1
24 11 7 1
24 11 8 0