40
280
0 22 0 2
0 32 1 8
0 3 2 8
0 14 3 1
0 15 4 6
0 28 5 5
0 7 6 1
1 6 0 0
1 1 1 7
1 27 2 3
1 3 3 2
1 23 4 6
1 35 5 5
1 6 6 9
2 37 0 0
2 20 1 9
2 19 2 2
2 32 3 6
2 30 4 0
2 15 5 6
2 11 6 3
3 12 0 8
3 17 1 4
3 29 2 5
3 7 3 0
3 9 4 0
3 11 5 7
3 37 6 6
4 20 0 6
4 30 1 4
4 25 2 2
4 0 3 4
4 2 4 3
4 5 5 0
4 20 6 7
5 26 0 3
5 3 1 5
5 11 2 9
5 31 3 3
5 15 4 8
5 25 5 2
5 6 6 8
6 23 0 3
6 14 1 5
6 11 2 8
6 13 3 5
6 2 4 1
6 33 5 3
6 32 6 2
7 27 0 3
7 16 1 2
7 35 2 2
7 33 3 0
7 20 4 4
7 29 5 3
7 24 6 9
8 11 0 0
8 6 1 7
8 36 2 8
8 31 3 9
8 26 4 3
8 1 5 7
8 13 6 2
9 3 0 9
9 31 1 1
9 15 2 5
9 7 3 5
9 13 4 9
9 35 5 0
9 4 6 4
10 14 0 7
10 27 1 7
10 1 2 5
10 38 3 1
10 21 4 5
10 28 5 7
10 23 6 6
11 29 0 2
11 21 1 7
11 33 2 0
11 29 3 2
11 20 4 8
11 4 5 8
11 21 6 7
12 35 0 6
12 30 1 0
12 6 2 5
12 22 3 2
12 15 4 2
12 33 5 6
12 7 6 3
13 25 0 5
13 21 1 2
13 22 2 9
13 7 3 9
13 25 4 0
13 36 5 8
13 6 6 6
14 4 0 9
14 8 1 4
14 15 2 2
14 38 3 8
14 26 4 0
14 11 5 9
14 25 6 4
15 11 0 4
15 38 1 9
15 17 2 3
15 23 3 5
15 22 4 9
15 6 5 6
15 29 6 2
16 26 0 3
16 17 1 9
16 34 2 6
16 31 3 8
16 34 4 7
16 32 5 8
16 14 6 8
17 39 0 4
17 11 1 7
17 33 2 3
17 29 3 4
17 18 4 6
17 27 5 9
17 27 6 7
18 7 0 8
18 17 1 8
18 9 2 0
18 10 3 7
18 11 4 3
18 17 5 2
18 39 6 2
19 1 0 8
19 5 1 6
19 5 2 7
19 9 3 6
19 22 4 2
19 1 5 2
19 22 6 2
20 28 0 1
20 25 1 5
20 21 2 0
20 27 3 6
20 23 4 8
20 12 5 2
20 10 6 1
21 16 0 2
21 20 1 3
21 28 2 8
21 36 3 2
21 19 4 8
21 31 5 0
21 30 6 6
22 37 0 2
22 18 1 9
22 5 2 3
22 34 3 8
22 37 4 6
22 5 5 7
22 38 6 7
23 3 0 2
23 4 1 2
23 18 2 6
23 4 3 5
23 13 4 5
23 22 5 3
23 11 6 1
24 25 0 4
24 29 1 6
24 5 2 2
24 17 3 8
24 36 4 9
24 12 5 9
24 10 6 1
25 29 0 3
25 36 1 0
25 36 2 5
25 5 3 6
25 1 4 1
25 35 5 0
25 8 6 8
26 31 0 8
26 2 1 5
26 35 2 9
26 16 3 1
26 7 4 6
26 32 5 7
26 12 6 6
27 2 0 0
27 33 1 0
27 12 2 2
27 28 3 8
27 18 4 9
27 32 5 5
27 25 6 3
28 28 0 6
28 10 1 4
28 29 2 5
28 36 3 5
28 10 4 0
28 10 5 3
28 12 6 8
29 12 0 0
29 17 1 0
29 1 2 0
29 30 3 3
29 25 4 6
29 25 5 0
29 33 6 4
30 33 0 9
30 24 1 2
30 5 2 0
30 38 3 7
30 33 4 6
30 13 5 9
30 16 6 1
31 31 0 0
31 3 1 9
31 31 2 3
31 39 3 2
31 11 4 2
31 4 5 0
31 39 6 8
32 9 0 3
32 5 1 4
32 37 2 1
32 24 3 3
32 17 4 3
32 33 5 8
32 10 6 0
33 16 0 5
33 18 1 7
33 20 2 2
33 21 3 3
33 37 4 9
33 1 5 2
33 30 6 4
34 23 0 6
34 9 1 8
34 15 2 1
34 3 3 8
34 8 4 5
34 38 5 8
34 12 6 5
35 21 0 0
35 1 1 0
35 2 2 5
35 36 3 3
35 11 4 9
35 1 5 3
35 12 6 6
36 5 0 1
36 22 1 9
36 12 2 7
36 4 3 4
36 23 4 3
36 6 5 1
36 13 6 7
37 38 0 9
37 34 1 1
37 16 2 7
37 21 3 8
37 15 4 1
37 35 5 0
37 18 6 4
38 25 0 0
38 30 1 0
38 38 2 8
38 13 3 0
38 23 4 5
38 36 5 7
38 29 6 5
39 10 0 5
39 25 1 3
39 28 2 3
39 7 3 4
39 5 4 6
39 32 5 1
39 11 6 2