29
145
0 14 0 2
0 12 1 2
0 22 2 7
0 28 3 6
0 16 4 0
1 28 0 0
1 5 1 4
1 17 2 5
1 0 3 7
1 7 4 7
2 13 0 2
2 22 1 4
2 14 2 6
2 17 3 4
2 15 4 7
3 23 0 4
3 20 1 2
3 2 2 7
3 7 3 6
3 23 4 7
4 20 0 5
4 9 1 6
4 27 2 2
4 26 3 2
4 1 4 0
5 13 0 1
5 17 1 1
5 2 2 1
5 19 3 7
5 14 4 5
6 2 0 3
6 27 1 5
6 23 2 7
6 5 3 1
6 18 4 5
7 10 0 1
7 18 1 6
7 10 2 4
7 10 3 6
7 24 4 6
8 4 0 6
8 9 1 4
8 11 2 2
8 28 3 6
8 27 4 5
9 28 0 2
9 7 1 7
9 24 2 0
9 24 3 6
9 15 4 3
10 7 0 6
10 24 1 5
10 16 2 6
10 26 3 2
10 13 4 6
11 1 0 6
11 4 1 1
11 25 2 6
11 20 3 1
11 28 4 1
12 28 0 1
12 23 1 2
12 11 2 0
12 24 3 3
12 4 4 1
13 28 0 3
13 1 1 4
13 28 2 4
13 9 3 5
13 24 4 7
14 5 0 0
14 23 1 1
14 23 2 5
14 3 3 3
14 27 4 6
15 20 0 7
15 11 1 5
15 1 2 4
15 7 3 4
15 26 4 3
16 10 0 6
16 19 1 5
16 7 2 5
16 24 3 4
16 28 4 1
17 27 0 0
17 17 1 3
17 10 2 5
17 23 3 4
17 8 4 2
18 0 0 5
18 21 1 0
18 21 2 0
18 4 3 4
18 24 4 1
19 2 0 0
19 28 1 1
19 9 2 0
19 24 3 1
19 24 4 1
20 12 0 5
20 20 1 3
20 1 2 2
20 9 3 0
20 4 4 6
21 19 0 1
21 21 1 2
21 28 2 5
21 2 3 7
21 16 4 6
22 1 0 6
22 11 1 5
22 4 2 7
22 6 3 1
22 8 4 1
23 21 0 0
23 27 1 1
23 5 2 4
23 24 3 1
23 23 4 3
24 12 0 2
24 22 1 2
24 15 2 6
24 9 3 6
24 0 4 6
25 14 0 1
25 6 1 2
25 25 2 2
25 10 3 4
25 4 4 0
26 21 0 3
26 21 1 2
26 23 2 3
26 27 3 1
26 1 4 1
27 13 0 3
27 3 1 3
27 25 2 3
27 8 3 6
27 24 4 3
28 7 0 3
28 18 1 2
28 13 2 7
28 16 3 1
28 4 4 0