17
102
0 10 0 8
0 15 1 3
0 9 2 3
0 0 3 6
0 6 4 3
0 1 5 7
1 1 0 6
1 10 1 8
1 15 2 8
1 4 3 8
1 13 4 0
1 16 5 7
2 12 0 6
2 11 1 6
2 8 2 3
2 16 3 2
2 10 4 0
2 2 5 6
3 7 0 2
3 14 1 5
3 15 2 4
3 0 3 6
3 1 4 2
3 9 5 0
4 4 0 0
4 14 1 2
4 15 2 6
4 10 3 5
4 16 4 6
4 14 5 6
5 14 0 4
5 10 1 1
5 10 2 2
5 2 3 7
5 0 4 7
5 11 5 5
6 16 0 0
6 4 1 6
6 11 2 3
6 9 3 8
6 3 4 3
6 1 5 0
7 9 0 0
7 1 1 3
7 12 2 1
7 3 3 3
7 14 4 8
7 9 5 2
8 0 0 0
8 2 1 0
8 1 2 3
8 8 3 3
8 13 4 3
8 16 5 5
9 11 0 3
9 0 1 2
9 8 2 3
9 11 3 5
9 4 4 7
9 12 5 6
10 16 0 5
10 8 1 7
10 0 2 6
10 6 3 6
10 8 4 4
10 2 5 4
11 5 0 7
11 7 1 1
11 1 2 3
11 9 3 8
11 1 4 8
11 16 5 6
12 1 0 3
12 12 1 4
12 16 2 5
12 16 3 3
12 8 4 7
12 0 5 4
13 13 0 7
13 5 1 8
13 8 2 4
13 11 3 4
13 6 4 4
13 4 5 6
14 4 0 0
14 14 1 4
14 7 2 2
14 16 3 1
14 5 4 1
14 16 5 5
15 1 0 8
15 4 1 4
15 7 2 4
15 7 3 5
15 11 4 4
15 7 5 7
16 1 0 3
16 6 1 4
16 14 2 5
16 0 3 2
16 6 4 1
16 13 5 4