17
85
0 12 0 0
0 15 1 1
0 10 2 5
0 8 3 4
0 16 4 4
1 3 0 3
1 7 1 2
1 10 2 9
1 5 3 4
1 10 4 6
2 2 0 9
2 7 1 8
2 8 2 4
2 8 3 0
2 6 4 2
3 15 0 1
3 7 1 6
3 5 2 2
3 12 3 5
3 6 4 8
4 1 0 6
4 12 1 0
4 9 2 6
4 10 3 3
4 4 4 2
5 15 0 6
5 15 1 0
5 2 2 4
5 13 3 6
5 12 4 7
6 15 0 0
6 6 1 1
6 11 2 5
6 2 3 4
6 15 4 4
7 5 0 4
7 3 1 1
7 5 2 2
7 14 3 7
7 11 4 2
8 8 0 2
8 16 1 6
8 2 2 5
8 2 3 9
8 14 4 9
9 12 0 4
9 11 1 4
9 3 2 5
9 0 3 4
9 3 4 2
10 10 0 9
10 13 1 6
10 4 2 7
10 14 3 3
10 14 4 1
11 13 0 0
11 1 1 5
11 4 2 1
11 9 3 2
11 5 4 1
12 11 0 3
12 16 1 8
12 4 2 0
12 2 3 1
12 6 4 2
13 15 0 1
13 14 1 0
13 15 2 9
13 12 3 3
13 11 4 6
14 7 0 0
14 7 1 2
14 2 2 4
14 0 3 5
14 16 4 0
15 12 0 9
15 13 1 1
15 0 2 9
15 12 3 6
15 3 4 7
16 11 0 0
16 13 1 7
16 11 2 3
16 16 3 0
16 5 4 4