17
136
0 6 0 0
0 3 1 0
0 4 2 1
0 16 3 8
0 15 4 0
0 13 5 0
0 4 6 7
0 1 7 6
1 1 0 0
1 5 1 7
1 4 2 4
1 12 3 3
1 11 4 6
1 12 5 6
1 7 6 4
1 2 7 6
2 5 0 8
2 15 1 4
2 8 2 2
2 15 3 3
2 1 4 2
2 7 5 5
2 3 6 4
2 16 7 3
3 13 0 2
3 2 1 3
3 15 2 7
3 10 3 3
3 2 4 8
3 7 5 4
3 10 6 3
3 1 7 8
4 9 0 1
4 6 1 1
4 9 2 7
4 13 3 0
4 10 4 2
4 13 5 2
4 13 6 8
4 2 7 4
5 0 0 8
5 3 1 4
5 13 2 6
5 7 3 1
5 12 4 6
5 10 5 8
5 6 6 4
5 7 7 4
6 8 0 1
6 1 1 4
6 1 2 7
6 8 3 5
6 10 4 2
6 11 5 4
6 2 6 3
6 3 7 0
7 1 0 4
7 9 1 7
7 12 2 5
7 5 3 7
7 2 4 8
7 11 5 7
7 10 6 5
7 10 7 7
8 14 0 0
8 12 1 7
8 16 2 3
8 12 3 3
8 8 4 4
8 12 5 8
8 2 6 2
8 0 7 0
9 14 0 5
9 9 1 8
9 3 2 1
9 16 3 4
9 10 4 0
9 7 5 3
9 9 6 4
9 3 7 6
10 5 0 2
10 5 1 1
10 1 2 5
10 4 3 6
10 5 4 7
10 16 5 5
10 2 6 7
10 9 7 2
11 10 0 6
11 12 1 2
11 9 2 6
11 14 3 2
11 15 4 0
11 12 5 6
11 16 6 4
11 3 7 6
12 9 0 3
12 14 1 1
12 14 2 7
12 14 3 7
12 8 4 6
12 4 5 1
12 1 6 5
12 6 7 2
13 11 0 3
13 14 1 1
13 5 2 5
13 6 3 8
13 6 4 0
13 13 5 8
13 5 6 1
13 5 7 8
14 14 0 3
14 8 1 0
14 10 2 1
14 11 3 5
14 5 4 4
14 2 5 4
14 1 6 3
14 9 7 3
15 10 0 1
15 16 1 2
15 10 2 4
15 0 3 7
15 9 4 3
15 15 5 4
15 12 6 1
15 6 7 3
16 1 0 5
16 10 1 3
16 3 2 6
16 2 3 0
16 11 4 1
16 2 5 5
16 11 6 6
16 15 7 6