41
205
0 17 0 5
0 25 1 6
0 14 2 3
0 9 3 4
0 30 4 3
1 6 0 0
1 28 1 7
1 3 2 3
1 23 3 0
1 18 4 3
2 9 0 5
2 39 1 2
2 24 2 2
2 3 3 3
2 14 4 4
3 5 0 6
3 35 1 1
3 37 2 4
3 40 3 7
3 24 4 0
4 36 0 2
4 20 1 3
4 2 2 2
4 27 3 0
4 29 4 7
5 7 0 7
5 39 1 6
5 26 2 3
5 5 3 2
5 6 4 4
6 14 0 5
6 23 1 0
6 9 2 7
6 13 3 2
6 12 4 2
7 15 0 6
7 32 1 4
7 0 2 1
7 35 3 4
7 36 4 1
8 2 0 0
8 3 1 4
8 7 2 3
8 14 3 3
8 36 4 7
9 31 0 0
9 17 1 2
9 30 2 1
9 38 3 2
9 29 4 1
10 4 0 3
10 0 1 4
10 1 2 2
10 19 3 5
10 21 4 1
11 34 0 7
11 36 1 3
11 35 2 5
11 8 3 6
11 27 4 5
12 18 0 3
12 13 1 7
12 36 2 7
12 2 3 6
12 15 4 2
13 24 0 3
13 18 1 5
13 15 2 3
13 31 3 7
13 34 4 3
14 6 0 7
14 19 1 1
14 14 2 4
14 18 3 5
14 39 4 2
15 13 0 0
15 40 1 6
15 30 2 5
15 20 3 6
15 9 4 5
16 33 0 2
16 39 1 7
16 17 2 4
16 6 3 3
16 25 4 1
17 21 0 7
17 11 1 2
17 15 2 3
17 2 3 7
17 26 4 6
18 11 0 3
18 30 1 0
18 31 2 4
18 15 3 7
18 9 4 3
19 33 0 7
19 19 1 4
19 0 2 3
19 15 3 5
19 21 4 5
20 4 0 2
20 25 1 4
20 7 2 6
20 1 3 5
20 4 4 5
21 22 0 7
21 8 1 5
21 0 2 4
21 18 3 3
21 26 4 1
22 10 0 4
22 39 1 6
22 1 2 4
22 21 3 0
22 19 4 4
23 2 0 7
23 15 1 5
23 35 2 3
23 2 3 4
23 19 4 2
24 24 0 0
24 32 1 7
24 31 2 3
24 30 3 3
24 13 4 5
25 15 0 2
25 10 1 1
25 10 2 4
25 23 3 6
25 19 4 7
26 5 0 7
26 38 1 0
26 27 2 4
26 28 3 1
26 28 4 4
27 38 0 3
27 39 1 7
27 6 2 3
27 29 3 3
27 38 4 2
28 15 0 6
28 18 1 7
28 21 2 6
28 4 3 5
28 5 4 3
29 7 0 3
29 35 1 0
29 31 2 7
29 11 3 5
29 25 4 5
30 16 0 0
30 32 1 7
30 30 2 4
30 3 3 5
30 26 4 4
31 30 0 5
31 29 1 1
31 20 2 3
31 11 3 0
31 16 4 6
32 1 0 5
32 22 1 7
32 12 2 2
32 20 3 3
32 20 4 2
33 34 0 7
33 17 1 2
33 39 2 4
33 25 3 7
33 15 4 3
34 39 0 1
34 14 1 2
34 29 2 6
34 36 3 1
34 6 4 0
35 35 0 1
35 13 1 3
35 2 2 1
35 13 3 7
35 35 4 6
36 39 0 4
36 16 1 3
36 35 2 1
36 14 3 5
36 24 4 5
37 15 0 7
37 27 1 4
37 1 2 0
37 36 3 1
37 21 4 2
38 2 0 0
38 23 1 1
38 16 2 3
38 37 3 7
38 23 4 7
39 25 0 4
39 24 1 2
39 15 2 3
39 40 3 5
39 35 4 2
40 16 0 3
40 14 1 3
40 22 2 4
40 32 3 5
40 35 4 3