37
259
0 19 0 4
0 25 1 2
0 21 2 8
0 26 3 0
0 17 4 8
0 32 5 8
0 2 6 6
1 3 0 3
1 12 1 0
1 3 2 1
1 2 3 8
1 19 4 9
1 27 5 4
1 21 6 0
2 18 0 7
2 9 1 6
2 33 2 3
2 34 3 7
2 21 4 5
2 30 5 5
2 17 6 1
3 18 0 7
3 22 1 5
3 0 2 8
3 5 3 4
3 22 4 6
3 9 5 3
3 13 6 8
4 8 0 3
4 2 1 6
4 18 2 0
4 13 3 0
4 6 4 6
4 18 5 4
4 28 6 0
5 12 0 2
5 14 1 9
5 12 2 5
5 29 3 0
5 11 4 1
5 9 5 5
5 8 6 6
6 12 0 0
6 6 1 5
6 27 2 6
6 18 3 5
6 23 4 0
6 16 5 3
6 15 6 0
7 30 0 5
7 18 1 5
7 0 2 9
7 36 3 1
7 17 4 7
7 9 5 6
7 29 6 0
8 4 0 5
8 15 1 1
8 19 2 8
8 28 3 6
8 3 4 4
8 18 5 7
8 13 6 6
9 9 0 7
9 25 1 4
9 28 2 5
9 4 3 1
9 28 4 0
9 7 5 5
9 22 6 9
10 5 0 1
10 17 1 5
10 8 2 6
10 10 3 3
10 23 4 0
10 19 5 3
10 1 6 4
11 10 0 9
11 28 1 7
11 15 2 8
11 4 3 7
11 27 4 5
11 11 5 1
11 30 6 3
12 32 0 3
12 26 1 0
12 31 2 7
12 26 3 0
12 0 4 5
12 29 5 7
12 31 6 2
13 22 0 4
13 1 1 3
13 23 2 6
13 31 3 9
13 18 4 6
13 2 5 3
13 6 6 9
14 5 0 9
14 28 1 3
14 0 2 8
14 12 3 5
14 3 4 9
14 10 5 7
14 12 6 5
15 10 0 8
15 34 1 6
15 11 2 7
15 19 3 1
15 6 4 8
15 29 5 3
15 23 6 8
16 4 0 1
16 1 1 7
16 24 2 5
16 16 3 3
16 8 4 5
16 25 5 7
16 18 6 1
17 29 0 9
17 24 1 6
17 5 2 2
17 1 3 5
17 12 4 8
17 9 5 7
17 8 6 8
18 13 0 5
18 21 1 4
18 0 2 7
18 19 3 9
18 25 4 0
18 21 5 9
18 19 6 2
19 9 0 3
19 21 1 7
19 34 2 7
19 24 3 8
19 21 4 6
19 11 5 9
19 32 6 2
20 15 0 4
20 17 1 9
20 36 2 4
20 2 3 3
20 31 4 7
20 20 5 9
20 22 6 2
21 35 0 8
21 31 1 4
21 25 2 3
21 0 3 1
21 17 4 9
21 19 5 8
21 35 6 9
22 30 0 9
22 2 1 2
22 23 2 0
22 33 3 1
22 25 4 7
22 29 5 3
22 2 6 1
23 25 0 2
23 8 1 1
23 33 2 1
23 22 3 2
23 29 4 0
23 30 5 3
23 2 6 3
24 2 0 0
24 9 1 6
24 6 2 8
24 16 3 1
24 9 4 0
24 35 5 1
24 24 6 7
25 32 0 8
25 8 1 2
25 0 2 9
25 8 3 5
25 7 4 3
25 27 5 3
25 17 6 4
26 25 0 3
26 20 1 7
26 28 2 7
26 7 3 2
26 23 4 5
26 15 5 0
26 25 6 8
27 25 0 6
27 25 1 4
27 13 2 7
27 9 3 4
27 27 4 9
27 27 5 0
27 22 6 4
28 14 0 4
28 16 1 0
28 25 2 1
28 3 3 9
28 29 4 2
28 0 5 9
28 24 6 1
29 11 0 4
29 21 1 1
29 23 2 4
29 11 3 9
29 1 4 8
29 1 5 7
29 35 6 3
30 7 0 8
30 1 1 8
30 28 2 8
30 2 3 1
30 8 4 6
30 6 5 8
30 8 6 7
31 23 0 3
31 27 1 4
31 27 2 4
31 18 3 3
31 26 4 4
31 2 5 8
31 1 6 3
32 15 0 1
32 36 1 9
32 1 2 8
32 32 3 1
32 17 4 3
32 8 5 3
32 5 6 8
33 12 0 3
33 36 1 3
33 20 2 5
33 7 3 5
33 35 4 3
33 7 5 2
33 2 6 9
34 1 0 7
34 5 1 4
34 17 2 2
34 20 3 7
34 10 4 6
34 15 5 2
34 27 6 2
35 4 0 3
35 26 1 7
35 11 2 2
35 12 3 5
35 30 4 7
35 11 5 0
35 8 6 2
36 23 0 3
36 28 1 6
36 16 2 4
36 25 3 2
36 3 4 3
36 33 5 3
36 30 6 8