28
196
0 0 0 0
0 12 1 1
0 14 2 0
0 0 3 1
0 11 4 1
0 8 5 2
0 18 6 0
1 4 0 1
1 8 1 2
1 25 2 1
1 27 3 1
1 6 4 0
1 20 5 0
1 12 6 2
2 14 0 1
2 2 1 0
2 27 2 2
2 1 3 0
2 13 4 0
2 19 5 0
2 5 6 0
3 23 0 1
3 16 1 0
3 22 2 2
3 4 3 2
3 6 4 1
3 24 5 1
3 23 6 1
4 12 0 1
4 18 1 0
4 2 2 0
4 18 3 2
4 25 4 0
4 2 5 0
4 8 6 0
5 26 0 2
5 5 1 1
5 26 2 1
5 24 3 1
5 21 4 2
5 26 5 1
5 16 6 1
6 11 0 0
6 18 1 1
6 24 2 2
6 15 3 2
6 11 4 1
6 5 5 2
6 4 6 1
7 11 0 0
7 8 1 2
7 5 2 2
7 17 3 0
7 22 4 1
7 10 5 1
7 1 6 0
8 19 0 0
8 7 1 2
8 0 2 1
8 26 3 2
8 14 4 0
8 11 5 1
8 19 6 1
9 22 0 1
9 11 1 2
9 18 2 2
9 20 3 0
9 8 4 1
9 11 5 2
9 6 6 0
10 25 0 1
10 5 1 1
10 13 2 0
10 24 3 2
10 9 4 0
10 24 5 2
10 12 6 1
11 20 0 1
11 18 1 1
11 2 2 2
11 14 3 2
11 1 4 1
11 5 5 1
11 19 6 0
12 5 0 0
12 18 1 2
12 14 2 0
12 26 3 0
12 17 4 2
12 22 5 2
12 11 6 2
13 20 0 0
13 12 1 0
13 12 2 1
13 5 3 1
13 17 4 1
13 25 5 2
13 27 6 2
14 3 0 1
14 9 1 1
14 1 2 1
14 3 3 0
14 24 4 2
14 0 5 0
14 8 6 0
15 9 0 1
15 4 1 0
15 18 2 0
15 8 3 1
15 15 4 2
15 7 5 0
15 27 6 2
16 16 0 2
16 13 1 0
16 13 2 0
16 11 3 1
16 17 4 0
16 12 5 2
16 16 6 2
17 3 0 0
17 8 1 2
17 26 2 1
17 24 3 0
17 1 4 2
17 22 5 1
17 23 6 1
18 25 0 0
18 8 1 0
18 6 2 2
18 17 3 2
18 7 4 2
18 13 5 1
18 23 6 1
19 5 0 1
19 5 1 0
19 10 2 0
19 19 3 2
19 4 4 0
19 18 5 2
19 7 6 2
20 24 0 1
20 22 1 2
20 19 2 0
20 23 3 2
20 17 4 2
20 13 5 0
20 26 6 0
21 7 0 2
21 25 1 0
21 10 2 2
21 12 3 1
21 14 4 0
21 27 5 2
21 19 6 1
22 19 0 2
22 2 1 2
22 20 2 1
22 27 3 1
22 20 4 1
22 21 5 1
22 4 6 2
23 17 0 2
23 14 1 2
23 4 2 0
23 25 3 1
23 16 4 0
23 16 5 1
23 7 6 2
24 14 0 0
24 3 1 0
24 14 2 2
24 22 3 1
24 24 4 0
24 2 5 0
24 8 6 1
25 14 0 2
25 7 1 1
25 3 2 1
25 26 3 0
25 1 4 2
25 26 5 2
25 10 6 1
26 2 0 1
26 17 1 2
26 18 2 1
26 13 3 1
26 8 4 1
26 9 5 0
26 27 6 0
27 12 0 2
27 0 1 1
27 14 2 2
27 3 3 2
27 21 4 2
27 2 5 2
27 6 6 1