48
288
0 35 0 0
0 4 1 2
0 28 2 4
0 2 3 2
0 20 4 0
0 42 5 2
1 10 0 2
1 19 1 0
1 41 2 4
1 30 3 1
1 45 4 2
1 39 5 0
2 16 0 3
2 23 1 5
2 13 2 5
2 39 3 5
2 22 4 0
2 47 5 2
3 33 0 0
3 44 1 4
3 29 2 1
3 31 3 4
3 2 4 2
3 34 5 1
4 23 0 3
4 39 1 1
4 13 2 2
4 25 3 3
4 24 4 0
4 3 5 2
5 13 0 4
5 31 1 3
5 7 2 1
5 6 3 0
5 20 4 1
5 22 5 2
6 29 0 1
6 19 1 2
6 34 2 1
6 4 3 2
6 3 4 5
6 30 5 3
7 28 0 0
7 46 1 0
7 40 2 4
7 47 3 0
7 6 4 2
7 27 5 3
8 9 0 5
8 14 1 2
8 25 2 4
8 22 3 1
8 23 4 1
8 23 5 0
9 29 0 1
9 44 1 5
9 36 2 0
9 8 3 0
9 15 4 1
9 10 5 3
10 5 0 1
10 30 1 5
10 44 2 4
10 47 3 1
10 33 4 2
10 11 5 2
11 4 0 5
11 16 1 3
11 47 2 0
11 2 3 4
11 7 4 1
11 46 5 3
12 28 0 0
12 40 1 2
12 11 2 0
12 33 3 0
12 34 4 3
12 21 5 0
13 35 0 2
13 32 1 1
13 34 2 0
13 1 3 3
13 24 4 2
13 22 5 4
14 42 0 1
14 23 1 1
14 4 2 1
14 47 3 4
14 31 4 3
14 4 5 1
15 34 0 4
15 24 1 0
15 4 2 5
15 24 3 3
15 15 4 5
15 1 5 2
16 16 0 5
16 19 1 2
16 43 2 0
16 46 3 0
16 44 4 0
16 41 5 1
17 8 0 1
17 33 1 4
17 2 2 1
17 30 3 0
17 9 4 5
17 18 5 4
18 47 0 5
18 26 1 0
18 20 2 2
18 23 3 5
18 33 4 5
18 6 5 5
19 16 0 0
19 27 1 0
19 8 2 0
19 45 3 4
19 39 4 0
19 26 5 4
20 24 0 0
20 11 1 5
20 37 2 0
20 19 3 0
20 6 4 2
20 33 5 4
21 22 0 4
21 4 1 3
21 38 2 0
21 14 3 4
21 43 4 2
21 17 5 2
22 19 0 1
22 7 1 1
22 21 2 2
22 14 3 5
22 6 4 5
22 31 5 4
23 40 0 0
23 31 1 1
23 13 2 5
23 15 3 1
23 25 4 4
23 30 5 4
24 6 0 1
24 15 1 3
24 16 2 1
24 5 3 0
24 16 4 1
24 10 5 0
25 7 0 4
25 15 1 5
25 32 2 4
25 30 3 1
25 24 4 5
25 11 5 0
26 25 0 1
26 41 1 1
26 1 2 3
26 9 3 1
26 2 4 2
26 28 5 2
27 3 0 0
27 42 1 5
27 20 2 0
27 27 3 4
27 47 4 0
27 35 5 3
28 25 0 5
28 11 1 0
28 23 2 2
28 42 3 4
28 30 4 3
28 3 5 5
29 35 0 2
29 39 1 2
29 17 2 3
29 27 3 0
29 40 4 4
29 36 5 2
30 2 0 0
30 47 1 3
30 18 2 2
30 45 3 0
30 22 4 5
30 11 5 5
31 11 0 3
31 16 1 4
31 15 2 5
31 16 3 5
31 1 4 3
31 46 5 2
32 21 0 5
32 30 1 2
32 3 2 0
32 39 3 2
32 47 4 0
32 40 5 5
33 36 0 1
33 2 1 5
33 26 2 1
33 34 3 4
33 38 4 4
33 2 5 2
34 0 0 0
34 21 1 3
34 16 2 5
34 33 3 4
34 2 4 4
34 42 5 0
35 25 0 3
35 24 1 2
35 15 2 4
35 42 3 0
35 41 4 1
35 4 5 0
36 9 0 5
36 4 1 4
36 30 2 3
36 3 3 2
36 7 4 4
36 6 5 3
37 36 0 3
37 4 1 4
37 29 2 5
37 34 3 3
37 28 4 5
37 26 5 2
38 21 0 0
38 11 1 4
38 22 2 3
38 25 3 2
38 41 4 2
38 21 5 4
39 6 0 4
39 7 1 3
39 37 2 1
39 7 3 0
39 2 4 1
39 44 5 4
40 41 0 4
40 28 1 4
40 1 2 3
40 2 3 4
40 37 4 2
40 13 5 4
41 29 0 3
41 36 1 4
41 43 2 2
41 24 3 1
41 1 4 2
41 18 5 0
42 1 0 1
42 12 1 2
42 44 2 4
42 44 3 4
42 11 4 1
42 42 5 0
43 12 0 0
43 34 1 1
43 36 2 0
43 5 3 3
43 3 4 2
43 42 5 2
44 38 0 1
44 18 1 4
44 5 2 1
44 25 3 4
44 28 4 0
44 8 5 3
45 7 0 0
45 8 1 0
45 7 2 2
45 17 3 1
45 1 4 3
45 0 5 2
46 38 0 1
46 23 1 5
46 45 2 5
46 30 3 3
46 43 4 3
46 39 5 4
47 21 0 2
47 15 1 2
47 13 2 3
47 33 3 0
47 8 4 3
47 36 5 2