47
376
0 5 0 0
0 16 1 2
0 34 2 1
0 17 3 0
0 12 4 1
0 13 5 2
0 13 6 1
0 22 7 0
1 31 0 2
1 3 1 1
1 24 2 1
1 26 3 1
1 10 4 2
1 33 5 0
1 13 6 2
1 44 7 2
2 30 0 2
2 40 1 2
2 38 2 1
2 27 3 0
2 36 4 1
2 24 5 1
2 14 6 0
2 22 7 2
3 37 0 0
3 44 1 2
3 23 2 2
3 27 3 0
3 10 4 1
3 4 5 2
3 33 6 1
3 35 7 0
4 7 0 2
4 32 1 1
4 21 2 0
4 25 3 1
4 28 4 1
4 27 5 0
4 14 6 2
4 6 7 2
5 10 0 2
5 29 1 1
5 38 2 2
5 37 3 0
5 11 4 2
5 33 5 2
5 32 6 0
5 0 7 0
6 11 0 2
6 22 1 2
6 13 2 0
6 38 3 2
6 22 4 1
6 45 5 1
6 29 6 1
6 5 7 0
7 36 0 0
7 15 1 0
7 21 2 2
7 7 3 1
7 18 4 1
7 20 5 2
7 43 6 1
7 6 7 1
8 23 0 1
8 27 1 1
8 1 2 2
8 16 3 1
8 40 4 1
8 16 5 0
8 1 6 0
8 14 7 2
9 11 0 1
9 32 1 0
9 11 2 1
9 18 3 2
9 45 4 2
9 15 5 0
9 8 6 2
9 10 7 2
10 13 0 1
10 29 1 1
10 30 2 2
10 13 3 2
10 23 4 1
10 37 5 1
10 39 6 1
10 13 7 2
11 31 0 1
11 4 1 1
11 6 2 2
11 31 3 1
11 21 4 1
11 0 5 1
11 31 6 0
11 42 7 2
12 44 0 1
12 44 1 1
12 24 2 1
12 9 3 0
12 25 4 1
12 19 5 1
12 31 6 2
12 16 7 1
13 44 0 0
13 33 1 2
13 16 2 2
13 31 3 0
13 0 4 2
13 7 5 2
13 19 6 1
13 32 7 0
14 3 0 1
14 31 1 1
14 40 2 0
14 2 3 1
14 33 4 0
14 4 5 1
14 40 6 2
14 41 7 1
15 46 0 0
15 39 1 2
15 13 2 2
15 30 3 1
15 36 4 1
15 34 5 2
15 14 6 2
15 33 7 1
16 36 0 2
16 42 1 1
16 19 2 2
16 12 3 0
16 32 4 2
16 46 5 1
16 36 6 2
16 8 7 0
17 45 0 2
17 45 1 2
17 21 2 2
17 25 3 1
17 29 4 2
17 10 5 0
17 46 6 1
17 41 7 2
18 5 0 1
18 46 1 1
18 8 2 1
18 15 3 2
18 2 4 2
18 37 5 1
18 26 6 2
18 38 7 0
19 29 0 0
19 43 1 0
19 42 2 1
19 19 3 2
19 20 4 0
19 21 5 2
19 7 6 1
19 28 7 0
20 19 0 1
20 15 1 0
20 2 2 0
20 46 3 0
20 14 4 2
20 40 5 0
20 3 6 1
20 2 7 0
21 43 0 2
21 44 1 0
21 10 2 2
21 23 3 1
21 17 4 0
21 26 5 0
21 41 6 2
21 15 7 1
22 28 0 0
22 8 1 2
22 1 2 2
22 7 3 2
22 20 4 0
22 38 5 2
22 13 6 1
22 15 7 1
23 37 0 0
23 45 1 2
23 35 2 1
23 32 3 1
23 39 4 1
23 40 5 2
23 30 6 2
23 15 7 2
24 33 0 2
24 5 1 1
24 24 2 1
24 40 3 0
24 6 4 1
24 43 5 2
24 45 6 2
24 28 7 1
25 1 0 2
25 1 1 0
25 35 2 1
25 45 3 2
25 22 4 2
25 36 5 2
25 17 6 0
25 31 7 2
26 38 0 0
26 1 1 1
26 27 2 0
26 1 3 0
26 26 4 2
26 26 5 1
26 18 6 0
26 3 7 0
27 15 0 1
27 2 1 0
27 37 2 2
27 38 3 0
27 41 4 1
27 40 5 2
27 11 6 1
27 12 7 1
28 6 0 0
28 16 1 2
28 34 2 2
28 25 3 0
28 35 4 1
28 37 5 1
28 10 6 0
28 23 7 1
29 14 0 2
29 45 1 0
29 33 2 2
29 32 3 1
29 23 4 2
29 42 5 0
29 0 6 0
29 16 7 0
30 11 0 0
30 26 1 0
30 18 2 1
30 0 3 1
30 32 4 2
30 27 5 1
30 8 6 1
30 45 7 2
31 10 0 0
31 34 1 0
31 9 2 0
31 10 3 2
31 28 4 1
31 0 5 2
31 35 6 2
31 13 7 0
32 31 0 0
32 29 1 0
32 8 2 1
32 1 3 0
32 10 4 2
32 41 5 2
32 43 6 0
32 20 7 2
33 18 0 1
33 29 1 0
33 1 2 2
33 13 3 2
33 9 4 2
33 18 5 2
33 45 6 2
33 15 7 2
34 3 0 1
34 26 1 1
34 40 2 2
34 9 3 1
34 35 4 2
34 13 5 1
34 34 6 0
34 23 7 1
35 33 0 2
35 8 1 2
35 9 2 0
35 33 3 2
35 26 4 0
35 9 5 0
35 42 6 1
35 24 7 1
36 19 0 2
36 14 1 1
36 13 2 0
36 0 3 1
36 27 4 2
36 12 5 2
36 0 6 0
36 19 7 2
37 44 0 1
37 33 1 2
37 42 2 0
37 44 3 0
37 39 4 0
37 33 5 1
37 28 6 1
37 34 7 1
38 18 0 2
38 28 1 2
38 19 2 1
38 8 3 2
38 30 4 0
38 26 5 1
38 38 6 1
38 45 7 0
39 32 0 1
39 40 1 2
39 3 2 1
39 27 3 0
39 4 4 1
39 19 5 0
39 39 6 2
39 9 7 2
40 37 0 2
40 23 1 2
40 2 2 1
40 30 3 2
40 29 4 1
40 4 5 2
40 8 6 2
40 13 7 1
41 46 0 2
41 6 1 0
41 42 2 2
41 45 3 2
41 11 4 2
41 19 5 0
41 7 6 2
41 30 7 0
42 30 0 1
42 36 1 2
42 28 2 0
42 9 3 2
42 4 4 2
42 6 5 0
42 11 6 2
42 45 7 1
43 34 0 2
43 10 1 2
43 30 2 0
43 20 3 1
43 41 4 1
43 6 5 0
43 21 6 1
43 24 7 1
44 38 0 0
44 2 1 2
44 37 2 2
44 21 3 0
44 16 4 0
44 15 5 0
44 19 6 0
44 30 7 0
45 40 0 2
45 32 1 2
45 22 2 2
45 24 3 1
45 23 4 2
45 30 5 1
45 13 6 2
45 34 7 0
46 32 0 1
46 14 1 2
46 6 2 2
46 43 3 2
46 5 4 1
46 9 5 1
46 44 6 1
46 13 7 2