19
95
0 9 0 3
0 1 1 2
0 0 2 3
0 2 3 1
0 2 4 9
1 4 0 6
1 0 1 4
1 16 2 7
1 3 3 5
1 8 4 6
2 0 0 7
2 11 1 7
2 0 2 1
2 0 3 2
2 11 4 7
3 10 0 7
3 4 1 9
3 9 2 8
3 17 3 4
3 14 4 7
4 1 0 0
4 7 1 3
4 16 2 1
4 0 3 1
4 17 4 8
5 5 0 8
5 7 1 3
5 17 2 7
5 11 3 5
5 0 4 0
6 6 0 5
6 6 1 9
6 14 2 8
6 14 3 6
6 14 4 4
7 16 0 3
7 0 1 6
7 7 2 7
7 9 3 3
7 13 4 4
8 11 0 3
8 0 1 0
8 12 2 7
8 8 3 0
8 15 4 8
9 16 0 6
9 11 1 7
9 6 2 4
9 13 3 2
9 6 4 5
10 3 0 7
10 11 1 6
10 0 2 0
10 6 3 4
10 12 4 6
11 12 0 4
11 4 1 6
11 11 2 8
11 12 3 4
11 2 4 2
12 4 0 7
12 3 1 4
12 9 2 7
12 10 3 0
12 3 4 7
13 18 0 3
13 12 1 5
13 17 2 6
13 2 3 4
13 10 4 3
14 2 0 1
14 17 1 4
14 13 2 4
14 1 3 5
14 4 4 3
15 7 0 9
15 13 1 3
15 8 2 0
15 18 3 4
15 2 4 1
16 12 0 9
16 17 1 8
16 7 2 8
16 9 3 4
16 0 4 3
17 10 0 2
17 2 1 5
17 14 2 7
17 3 3 7
17 0 4 2
18 3 0 6
18 16 1 4
18 3 2 5
18 11 3 3
18 17 4 8