48
480
0 2 0 1
0 31 1 5
0 3 2 2
0 1 3 2
0 27 4 4
0 16 5 1
0 47 6 6
0 22 7 2
0 16 8 0
0 22 9 4
1 21 0 4
1 40 1 2
1 4 2 3
1 30 3 2
1 31 4 0
1 37 5 4
1 43 6 0
1 40 7 5
1 28 8 2
1 31 9 5
2 45 0 2
2 4 1 5
2 11 2 6
2 22 3 5
2 1 4 6
2 6 5 5
2 46 6 0
2 47 7 5
2 34 8 6
2 3 9 1
3 24 0 1
3 32 1 6
3 29 2 5
3 1 3 4
3 15 4 4
3 33 5 3
3 32 6 1
3 26 7 5
3 42 8 1
3 43 9 6
4 44 0 2
4 25 1 2
4 35 2 3
4 12 3 2
4 4 4 6
4 42 5 0
4 5 6 1
4 33 7 6
4 27 8 3
4 46 9 2
5 30 0 0
5 11 1 3
5 25 2 1
5 20 3 3
5 30 4 1
5 42 5 5
5 22 6 2
5 33 7 3
5 6 8 1
5 4 9 1
6 13 0 3
6 8 1 0
6 10 2 0
6 14 3 6
6 10 4 5
6 34 5 1
6 47 6 2
6 17 7 2
6 44 8 0
6 23 9 6
7 28 0 1
7 22 1 0
7 19 2 1
7 19 3 6
7 45 4 4
7 26 5 2
7 34 6 5
7 17 7 6
7 27 8 2
7 10 9 2
8 14 0 4
8 3 1 3
8 4 2 3
8 7 3 4
8 44 4 5
8 7 5 3
8 25 6 5
8 19 7 5
8 22 8 4
8 34 9 2
9 26 0 6
9 18 1 6
9 23 2 3
9 25 3 1
9 28 4 1
9 10 5 1
9 10 6 3
9 35 7 5
9 3 8 0
9 34 9 6
10 14 0 4
10 8 1 0
10 23 2 2
10 22 3 2
10 36 4 6
10 4 5 6
10 19 6 6
10 33 7 4
10 14 8 6
10 20 9 4
11 33 0 6
11 16 1 3
11 34 2 1
11 39 3 0
11 46 4 1
11 5 5 4
11 37 6 0
11 29 7 0
11 28 8 1
11 18 9 6
12 32 0 3
12 11 1 5
12 26 2 2
12 41 3 5
12 46 4 0
12 21 5 2
12 29 6 5
12 34 7 5
12 43 8 4
12 34 9 6
13 11 0 3
13 21 1 2
13 6 2 6
13 28 3 5
13 10 4 6
13 11 5 2
13 47 6 6
13 44 7 6
13 5 8 4
13 0 9 1
14 41 0 4
14 33 1 4
14 22 2 1
14 36 3 3
14 9 4 1
14 42 5 1
14 45 6 0
14 37 7 6
14 36 8 1
14 39 9 5
15 23 0 0
15 5 1 4
15 4 2 3
15 27 3 0
15 39 4 1
15 42 5 5
15 20 6 3
15 44 7 0
15 16 8 4
15 24 9 5
16 47 0 6
16 33 1 1
16 23 2 4
16 41 3 0
16 4 4 5
16 18 5 1
16 5 6 6
16 37 7 5
16 4 8 0
16 44 9 1
17 35 0 1
17 9 1 5
17 2 2 2
17 10 3 3
17 45 4 2
17 20 5 5
17 33 6 4
17 44 7 3
17 31 8 4
17 21 9 1
18 41 0 1
18 19 1 1
18 42 2 5
18 46 3 0
18 34 4 1
18 2 5 3
18 47 6 6
18 3 7 5
18 39 8 4
18 46 9 5
19 34 0 4
19 27 1 4
19 4 2 2
19 31 3 1
19 40 4 1
19 45 5 2
19 40 6 5
19 28 7 6
19 25 8 5
19 20 9 3
20 19 0 3
20 2 1 5
20 30 2 1
20 44 3 0
20 40 4 4
20 30 5 0
20 19 6 3
20 2 7 6
20 44 8 1
20 45 9 6
21 37 0 4
21 6 1 5
21 37 2 5
21 3 3 0
21 21 4 5
21 28 5 2
21 43 6 4
21 32 7 4
21 19 8 0
21 38 9 0
22 41 0 0
22 28 1 4
22 20 2 6
22 43 3 1
22 28 4 0
22 28 5 3
22 12 6 0
22 35 7 2
22 35 8 5
22 41 9 4
23 36 0 5
23 25 1 0
23 13 2 6
23 0 3 1
23 20 4 4
23 23 5 0
23 29 6 1
23 44 7 2
23 25 8 6
23 12 9 0
24 9 0 3
24 14 1 0
24 32 2 5
24 25 3 5
24 6 4 5
24 5 5 1
24 9 6 5
24 47 7 1
24 29 8 0
24 22 9 6
25 36 0 6
25 34 1 2
25 25 2 5
25 20 3 6
25 6 4 0
25 8 5 0
25 38 6 4
25 8 7 1
25 5 8 6
25 26 9 1
26 35 0 2
26 42 1 0
26 39 2 2
26 18 3 2
26 16 4 0
26 5 5 0
26 39 6 1
26 11 7 3
26 32 8 6
26 22 9 0
27 32 0 2
27 20 1 0
27 8 2 0
27 29 3 4
27 15 4 6
27 12 5 4
27 30 6 0
27 43 7 5
27 20 8 0
27 23 9 1
28 42 0 5
28 34 1 1
28 1 2 1
28 23 3 2
28 7 4 6
28 40 5 2
28 25 6 5
28 3 7 4
28 34 8 0
28 3 9 4
29 2 0 2
29 3 1 4
29 10 2 1
29 45 3 4
29 19 4 3
29 17 5 0
29 30 6 1
29 33 7 0
29 6 8 5
29 25 9 4
30 18 0 6
30 28 1 6
30 6 2 6
30 41 3 2
30 25 4 2
30 44 5 2
30 34 6 3
30 17 7 5
30 43 8 0
30 4 9 4
31 8 0 6
31 4 1 2
31 17 2 2
31 22 3 6
31 26 4 5
31 37 5 6
31 19 6 4
31 38 7 6
31 28 8 4
31 26 9 0
32 17 0 5
32 45 1 2
32 19 2 0
32 28 3 4
32 22 4 1
32 35 5 4
32 7 6 0
32 4 7 2
32 6 8 5
32 36 9 6
33 33 0 6
33 47 1 2
33 17 2 1
33 44 3 0
33 45 4 6
33 11 5 4
33 44 6 1
33 10 7 5
33 25 8 1
33 23 9 2
34 47 0 2
34 0 1 2
34 19 2 5
34 38 3 5
34 33 4 0
34 0 5 2
34 47 6 0
34 12 7 1
34 30 8 6
34 32 9 5
35 46 0 4
35 47 1 5
35 33 2 1
35 23 3 2
35 8 4 2
35 22 5 4
35 25 6 2
35 13 7 0
35 34 8 2
35 29 9 2
36 8 0 5
36 30 1 2
36 24 2 3
36 31 3 1
36 46 4 5
36 7 5 3
36 36 6 2
36 42 7 3
36 18 8 0
36 7 9 1
37 36 0 0
37 14 1 2
37 41 2 0
37 15 3 0
37 23 4 1
37 45 5 1
37 28 6 6
37 34 7 4
37 0 8 4
37 28 9 2
38 38 0 4
38 21 1 6
38 17 2 4
38 32 3 6
38 35 4 1
38 31 5 3
38 17 6 4
38 18 7 4
38 18 8 5
38 26 9 4
39 38 0 3
39 43 1 6
39 36 2 4
39 32 3 3
39 11 4 1
39 24 5 5
39 26 6 4
39 46 7 0
39 43 8 6
39 38 9 3
40 9 0 1
40 19 1 3
40 35 2 1
40 38 3 0
40 41 4 4
40 1 5 3
40 35 6 5
40 26 7 1
40 1 8 1
40 27 9 4
41 29 0 6
41 6 1 2
41 45 2 1
41 37 3 3
41 4 4 2
41 15 5 2
41 24 6 1
41 7 7 2
41 30 8 5
41 15 9 0
42 33 0 4
42 26 1 6
42 34 2 4
42 30 3 2
42 42 4 0
42 40 5 6
42 26 6 2
42 26 7 5
42 3 8 3
42 15 9 2
43 2 0 1
43 0 1 1
43 3 2 5
43 47 3 6
43 38 4 6
43 47 5 5
43 31 6 5
43 39 7 4
43 23 8 4
43 12 9 6
44 17 0 4
44 11 1 1
44 7 2 0
44 24 3 2
44 18 4 1
44 0 5 3
44 24 6 0
44 11 7 1
44 15 8 5
44 14 9 3
45 32 0 0
45 13 1 5
45 39 2 3
45 45 3 6
45 23 4 4
45 22 5 6
45 26 6 6
45 8 7 4
45 6 8 3
45 5 9 2
46 43 0 1
46 12 1 6
46 41 2 1
46 6 3 0
46 15 4 5
46 41 5 1
46 46 6 1
46 26 7 3
46 28 8 5
46 31 9 1
47 20 0 2
47 18 1 1
47 42 2 3
47 2 3 1
47 12 4 1
47 36 5 5
47 36 6 0
47 39 7 6
47 11 8 5
47 20 9 1