43
387
0 32 0 4
0 38 1 5
0 17 2 1
0 1 3 2
0 1 4 3
0 28 5 3
0 22 6 5
0 14 7 0
0 22 8 4
1 34 0 0
1 38 1 3
1 21 2 1
1 34 3 3
1 11 4 5
1 10 5 3
1 12 6 2
1 29 7 5
1 32 8 4
2 25 0 4
2 28 1 5
2 31 2 0
2 10 3 1
2 38 4 2
2 38 5 3
2 38 6 0
2 19 7 5
2 4 8 1
3 41 0 1
3 42 1 3
3 9 2 0
3 37 3 5
3 33 4 1
3 36 5 5
3 22 6 1
3 26 7 1
3 32 8 2
4 38 0 4
4 22 1 1
4 14 2 3
4 32 3 0
4 41 4 4
4 28 5 3
4 32 6 4
4 28 7 1
4 11 8 0
5 22 0 0
5 6 1 3
5 27 2 0
5 42 3 2
5 28 4 5
5 9 5 2
5 27 6 4
5 28 7 1
5 21 8 2
6 9 0 4
6 9 1 3
6 33 2 5
6 31 3 5
6 12 4 3
6 6 5 3
6 14 6 5
6 39 7 3
6 0 8 0
7 25 0 0
7 26 1 1
7 12 2 2
7 29 3 0
7 40 4 5
7 22 5 5
7 25 6 4
7 10 7 0
7 22 8 2
8 10 0 1
8 18 1 2
8 21 2 1
8 26 3 5
8 38 4 2
8 14 5 1
8 12 6 4
8 11 7 2
8 40 8 4
9 41 0 2
9 36 1 0
9 14 2 2
9 31 3 2
9 37 4 5
9 1 5 3
9 19 6 0
9 39 7 2
9 21 8 0
10 28 0 4
10 41 1 3
10 13 2 2
10 10 3 0
10 6 4 1
10 1 5 5
10 11 6 5
10 30 7 3
10 9 8 5
11 31 0 4
11 26 1 3
11 13 2 4
11 13 3 0
11 17 4 0
11 26 5 2
11 24 6 5
11 40 7 3
11 10 8 2
12 5 0 0
12 41 1 5
12 7 2 0
12 20 3 4
12 11 4 4
12 5 5 0
12 30 6 2
12 18 7 5
12 24 8 4
13 1 0 1
13 13 1 2
13 8 2 3
13 19 3 3
13 29 4 4
13 42 5 1
13 38 6 5
13 19 7 0
13 12 8 4
14 39 0 1
14 17 1 5
14 0 2 4
14 38 3 4
14 8 4 5
14 21 5 4
14 20 6 1
14 12 7 2
14 20 8 2
15 10 0 2
15 42 1 0
15 42 2 3
15 34 3 5
15 21 4 5
15 26 5 4
15 14 6 3
15 36 7 5
15 29 8 5
16 13 0 3
16 40 1 2
16 3 2 5
16 7 3 4
16 8 4 3
16 33 5 4
16 13 6 1
16 19 7 3
16 25 8 5
17 42 0 5
17 12 1 0
17 10 2 2
17 12 3 5
17 5 4 5
17 9 5 4
17 8 6 1
17 39 7 0
17 30 8 2
18 17 0 1
18 9 1 1
18 24 2 2
18 39 3 5
18 22 4 2
18 41 5 3
18 1 6 2
18 39 7 0
18 19 8 4
19 9 0 4
19 12 1 1
19 36 2 4
19 33 3 3
19 32 4 3
19 32 5 2
19 26 6 4
19 12 7 4
19 25 8 2
20 18 0 4
20 17 1 3
20 16 2 3
20 23 3 3
20 26 4 1
20 9 5 4
20 17 6 4
20 12 7 2
20 11 8 4
21 20 0 1
21 26 1 5
21 15 2 2
21 38 3 2
21 42 4 4
21 2 5 3
21 18 6 0
21 32 7 5
21 25 8 3
22 22 0 1
22 36 1 1
22 32 2 2
22 40 3 0
22 6 4 1
22 8 5 0
22 1 6 0
22 32 7 0
22 12 8 0
23 28 0 1
23 33 1 5
23 8 2 0
23 26 3 4
23 34 4 0
23 41 5 5
23 12 6 5
23 2 7 5
23 31 8 4
24 20 0 1
24 23 1 4
24 31 2 0
24 5 3 2
24 29 4 3
24 25 5 5
24 11 6 5
24 42 7 0
24 42 8 1
25 26 0 5
25 34 1 0
25 24 2 3
25 41 3 4
25 17 4 3
25 2 5 1
25 30 6 3
25 17 7 1
25 37 8 2
26 39 0 2
26 9 1 0
26 9 2 3
26 6 3 1
26 34 4 5
26 10 5 0
26 33 6 1
26 6 7 5
26 7 8 0
27 16 0 1
27 33 1 4
27 28 2 0
27 8 3 5
27 41 4 4
27 8 5 2
27 27 6 4
27 29 7 0
27 31 8 2
28 16 0 5
28 26 1 4
28 22 2 3
28 17 3 4
28 28 4 1
28 41 5 0
28 14 6 1
28 28 7 2
28 37 8 2
29 15 0 0
29 30 1 0
29 2 2 4
29 15 3 4
29 38 4 4
29 36 5 0
29 6 6 4
29 3 7 1
29 31 8 2
30 4 0 0
30 16 1 4
30 23 2 3
30 14 3 1
30 32 4 0
30 27 5 3
30 10 6 4
30 9 7 1
30 24 8 2
31 0 0 0
31 29 1 3
31 30 2 3
31 35 3 1
31 29 4 2
31 41 5 3
31 2 6 1
31 14 7 2
31 28 8 5
32 9 0 1
32 6 1 4
32 10 2 3
32 31 3 5
32 18 4 0
32 32 5 1
32 31 6 2
32 24 7 2
32 25 8 3
33 17 0 2
33 6 1 2
33 14 2 2
33 34 3 3
33 19 4 3
33 2 5 0
33 7 6 4
33 0 7 0
33 25 8 2
34 41 0 3
34 6 1 3
34 38 2 2
34 23 3 5
34 23 4 5
34 13 5 1
34 14 6 3
34 5 7 1
34 41 8 5
35 34 0 4
35 14 1 3
35 5 2 1
35 26 3 0
35 26 4 1
35 3 5 0
35 41 6 3
35 8 7 5
35 12 8 0
36 23 0 2
36 18 1 2
36 2 2 1
36 35 3 0
36 23 4 3
36 23 5 0
36 39 6 3
36 7 7 4
36 5 8 4
37 28 0 2
37 36 1 4
37 21 2 1
37 10 3 4
37 5 4 1
37 1 5 4
37 8 6 0
37 39 7 1
37 0 8 1
38 11 0 3
38 32 1 0
38 5 2 1
38 4 3 3
38 12 4 2
38 3 5 0
38 21 6 0
38 14 7 1
38 5 8 2
39 9 0 3
39 37 1 3
39 11 2 1
39 35 3 3
39 21 4 5
39 12 5 1
39 22 6 4
39 24 7 4
39 14 8 1
40 9 0 1
40 17 1 0
40 35 2 3
40 3 3 4
40 39 4 3
40 13 5 2
40 16 6 4
40 1 7 0
40 30 8 4
41 16 0 2
41 17 1 5
41 36 2 2
41 41 3 0
41 32 4 4
41 7 5 1
41 20 6 1
41 7 7 3
41 4 8 2
42 16 0 0
42 26 1 2
42 27 2 3
42 10 3 1
42 13 4 5
42 29 5 2
42 4 6 4
42 16 7 1
42 16 8 2