38
342
0 23 0 3
0 35 1 2
0 12 2 3
0 6 3 1
0 10 4 2
0 26 5 1
0 23 6 2
0 9 7 4
0 22 8 4
1 27 0 5
1 18 1 3
1 34 2 0
1 1 3 5
1 20 4 0
1 11 5 0
1 18 6 4
1 14 7 2
1 24 8 4
2 28 0 3
2 10 1 2
2 15 2 5
2 20 3 2
2 5 4 4
2 13 5 3
2 19 6 2
2 9 7 4
2 17 8 3
3 34 0 4
3 16 1 1
3 31 2 1
3 33 3 2
3 29 4 3
3 36 5 4
3 11 6 4
3 12 7 2
3 16 8 5
4 14 0 5
4 0 1 5
4 32 2 0
4 6 3 1
4 19 4 0
4 32 5 0
4 2 6 2
4 30 7 0
4 28 8 4
5 14 0 5
5 31 1 4
5 31 2 3
5 31 3 3
5 9 4 1
5 24 5 1
5 15 6 5
5 4 7 4
5 0 8 4
6 30 0 2
6 37 1 2
6 17 2 1
6 23 3 1
6 35 4 0
6 17 5 0
6 18 6 0
6 8 7 2
6 31 8 0
7 26 0 4
7 2 1 1
7 26 2 5
7 24 3 0
7 30 4 1
7 8 5 2
7 34 6 5
7 37 7 0
7 8 8 0
8 22 0 2
8 25 1 1
8 7 2 2
8 1 3 4
8 13 4 3
8 2 5 5
8 1 6 5
8 19 7 2
8 27 8 3
9 14 0 3
9 27 1 4
9 31 2 0
9 3 3 1
9 10 4 4
9 23 5 2
9 10 6 5
9 31 7 1
9 16 8 2
10 29 0 3
10 30 1 2
10 13 2 0
10 10 3 3
10 31 4 5
10 1 5 3
10 20 6 3
10 26 7 0
10 19 8 2
11 25 0 2
11 3 1 0
11 12 2 3
11 3 3 4
11 21 4 1
11 21 5 1
11 26 6 0
11 33 7 5
11 27 8 0
12 21 0 5
12 20 1 0
12 11 2 1
12 25 3 5
12 32 4 5
12 9 5 3
12 13 6 5
12 7 7 3
12 20 8 1
13 18 0 5
13 32 1 1
13 1 2 0
13 30 3 0
13 37 4 2
13 8 5 1
13 17 6 2
13 31 7 5
13 5 8 4
14 10 0 4
14 31 1 4
14 27 2 3
14 4 3 0
14 17 4 4
14 37 5 0
14 19 6 2
14 10 7 0
14 30 8 5
15 27 0 4
15 13 1 2
15 31 2 1
15 28 3 0
15 27 4 2
15 30 5 5
15 7 6 5
15 14 7 2
15 27 8 2
16 25 0 1
16 8 1 5
16 20 2 4
16 29 3 4
16 8 4 1
16 22 5 5
16 0 6 3
16 10 7 1
16 20 8 4
17 6 0 0
17 10 1 5
17 33 2 0
17 33 3 0
17 0 4 0
17 4 5 4
17 9 6 5
17 19 7 5
17 5 8 0
18 24 0 1
18 20 1 4
18 12 2 2
18 6 3 2
18 33 4 2
18 27 5 4
18 0 6 4
18 20 7 2
18 30 8 1
19 29 0 2
19 11 1 5
19 9 2 1
19 10 3 1
19 35 4 5
19 8 5 2
19 27 6 4
19 29 7 2
19 33 8 3
20 13 0 2
20 24 1 3
20 5 2 2
20 18 3 5
20 11 4 2
20 12 5 3
20 27 6 1
20 34 7 2
20 19 8 4
21 7 0 0
21 25 1 4
21 7 2 5
21 2 3 4
21 36 4 4
21 27 5 0
21 0 6 3
21 6 7 4
21 19 8 5
22 27 0 2
22 35 1 0
22 34 2 2
22 26 3 5
22 37 4 3
22 3 5 4
22 9 6 2
22 22 7 4
22 31 8 0
23 20 0 3
23 27 1 5
23 10 2 5
23 14 3 3
23 22 4 0
23 31 5 0
23 17 6 0
23 19 7 3
23 9 8 0
24 5 0 4
24 14 1 4
24 34 2 0
24 28 3 2
24 25 4 3
24 32 5 5
24 23 6 4
24 36 7 5
24 10 8 3
25 4 0 5
25 20 1 1
25 25 2 5
25 35 3 2
25 36 4 0
25 35 5 4
25 1 6 2
25 19 7 4
25 17 8 2
26 22 0 3
26 3 1 4
26 30 2 1
26 2 3 1
26 32 4 3
26 8 5 0
26 19 6 0
26 8 7 3
26 23 8 1
27 31 0 1
27 31 1 4
27 1 2 5
27 7 3 0
27 2 4 0
27 30 5 4
27 19 6 1
27 7 7 1
27 15 8 0
28 4 0 0
28 28 1 2
28 18 2 1
28 37 3 1
28 36 4 5
28 14 5 2
28 11 6 3
28 18 7 3
28 18 8 3
29 31 0 5
29 22 1 0
29 8 2 1
29 25 3 3
29 2 4 5
29 37 5 1
29 31 6 3
29 17 7 5
29 24 8 5
30 32 0 5
30 27 1 2
30 22 2 4
30 7 3 2
30 8 4 0
30 36 5 2
30 7 6 5
30 36 7 3
30 20 8 3
31 29 0 0
31 23 1 5
31 10 2 3
31 8 3 1
31 11 4 1
31 2 5 4
31 11 6 0
31 7 7 4
31 17 8 0
32 29 0 5
32 4 1 5
32 26 2 1
32 13 3 0
32 25 4 3
32 30 5 4
32 18 6 1
32 6 7 4
32 29 8 2
33 5 0 1
33 14 1 0
33 32 2 0
33 15 3 5
33 24 4 3
33 1 5 2
33 19 6 4
33 2 7 0
33 27 8 3
34 9 0 0
34 7 1 0
34 19 2 1
34 10 3 5
34 4 4 5
34 36 5 0
34 32 6 0
34 37 7 3
34 30 8 5
35 25 0 1
35 9 1 2
35 27 2 1
35 28 3 4
35 21 4 1
35 25 5 1
35 2 6 4
35 1 7 0
35 24 8 1
36 36 0 3
36 4 1 2
36 37 2 0
36 3 3 0
36 32 4 1
36 7 5 2
36 18 6 3
36 22 7 5
36 4 8 5
37 32 0 4
37 29 1 4
37 1 2 4
37 37 3 1
37 4 4 3
37 34 5 3
37 12 6 3
37 13 7 2
37 10 8 5