28
84
0 10 0 4
0 25 1 1
0 6 2 1
1 21 0 6
1 9 1 1
1 7 2 5
2 11 0 6
2 4 1 7
2 0 2 0
3 14 0 4
3 20 1 3
3 1 2 1
4 23 0 4
4 12 1 3
4 3 2 5
5 13 0 1
5 5 1 2
5 25 2 1
6 18 0 6
6 15 1 6
6 14 2 5
7 13 0 0
7 10 1 6
7 8 2 4
8 7 0 3
8 21 1 6
8 20 2 3
9 27 0 2
9 14 1 6
9 17 2 1
10 24 0 5
10 14 1 1
10 13 2 0
11 27 0 0
11 8 1 0
11 3 2 7
12 7 0 3
12 5 1 1
12 17 2 7
13 19 0 2
13 10 1 7
13 7 2 6
14 2 0 3
14 14 1 4
14 17 2 2
15 17 0 4
15 26 1 6
15 0 2 2
16 27 0 2
16 15 1 6
16 18 2 2
17 25 0 0
17 26 1 0
17 11 2 5
18 23 0 7
18 1 1 0
18 1 2 3
19 4 0 2
19 20 1 0
19 4 2 5
20 26 0 4
20 6 1 3
20 14 2 3
21 3 0 4
21 12 1 7
21 15 2 2
22 13 0 0
22 4 1 5
22 5 2 2
23 20 0 5
23 25 1 2
23 9 2 6
24 12 0 3
24 13 1 7
24 10 2 0
25 6 0 5
25 11 1 5
25 23 2 0
26 19 0 1
26 6 1 7
26 22 2 1
27 21 0 1
27 15 1 3
27 17 2 7