37
370
0 36 0 3
0 19 1 3
0 27 2 1
0 25 3 3
0 28 4 0
0 11 5 3
0 4 6 1
0 0 7 2
0 24 8 3
0 5 9 0
1 5 0 0
1 6 1 1
1 16 2 0
1 1 3 1
1 26 4 3
1 5 5 0
1 19 6 0
1 29 7 3
1 34 8 3
1 32 9 1
2 24 0 1
2 10 1 1
2 0 2 0
2 20 3 2
2 16 4 1
2 14 5 2
2 16 6 1
2 3 7 0
2 0 8 0
2 13 9 2
3 19 0 0
3 35 1 0
3 20 2 3
3 24 3 0
3 6 4 1
3 0 5 2
3 13 6 2
3 10 7 1
3 18 8 1
3 35 9 2
4 1 0 3
4 13 1 2
4 15 2 3
4 31 3 2
4 13 4 1
4 24 5 3
4 15 6 1
4 0 7 0
4 21 8 1
4 26 9 3
5 3 0 1
5 24 1 1
5 8 2 2
5 21 3 2
5 29 4 3
5 27 5 2
5 12 6 1
5 11 7 0
5 20 8 1
5 12 9 3
6 19 0 2
6 33 1 3
6 34 2 3
6 11 3 2
6 17 4 1
6 3 5 3
6 7 6 3
6 13 7 0
6 22 8 1
6 13 9 0
7 7 0 1
7 0 1 3
7 4 2 1
7 14 3 1
7 17 4 1
7 30 5 0
7 13 6 0
7 20 7 2
7 10 8 2
7 23 9 2
8 17 0 1
8 34 1 0
8 4 2 1
8 11 3 2
8 22 4 0
8 19 5 3
8 30 6 2
8 25 7 1
8 7 8 0
8 20 9 2
9 5 0 1
9 24 1 2
9 28 2 0
9 28 3 0
9 21 4 3
9 7 5 1
9 33 6 1
9 21 7 1
9 22 8 3
9 35 9 2
10 15 0 0
10 31 1 0
10 36 2 1
10 29 3 1
10 23 4 1
10 12 5 3
10 21 6 1
10 0 7 0
10 1 8 3
10 11 9 2
11 30 0 2
11 36 1 0
11 17 2 1
11 14 3 3
11 10 4 3
11 6 5 1
11 12 6 1
11 4 7 2
11 19 8 2
11 4 9 2
12 17 0 3
12 18 1 0
12 1 2 0
12 31 3 3
12 2 4 2
12 25 5 3
12 19 6 2
12 36 7 3
12 26 8 2
12 24 9 1
13 33 0 0
13 26 1 0
13 14 2 3
13 4 3 2
13 26 4 1
13 3 5 3
13 2 6 1
13 33 7 0
13 6 8 2
13 13 9 2
14 7 0 1
14 36 1 1
14 4 2 3
14 17 3 2
14 34 4 1
14 4 5 2
14 2 6 2
14 6 7 3
14 23 8 1
14 18 9 0
15 23 0 2
15 1 1 3
15 17 2 1
15 5 3 3
15 7 4 2
15 2 5 0
15 31 6 0
15 4 7 1
15 1 8 1
15 1 9 3
16 14 0 1
16 0 1 3
16 12 2 3
16 9 3 1
16 1 4 0
16 27 5 0
16 32 6 0
16 20 7 3
16 21 8 0
16 34 9 3
17 35 0 0
17 6 1 1
17 17 2 3
17 27 3 2
17 4 4 0
17 13 5 1
17 20 6 2
17 33 7 0
17 35 8 3
17 17 9 2
18 34 0 2
18 29 1 3
18 0 2 1
18 1 3 0
18 17 4 1
18 5 5 0
18 19 6 2
18 2 7 0
18 22 8 1
18 11 9 2
19 10 0 3
19 25 1 1
19 10 2 0
19 19 3 3
19 35 4 1
19 1 5 2
19 14 6 3
19 33 7 2
19 8 8 2
19 12 9 1
20 9 0 3
20 5 1 3
20 7 2 1
20 20 3 2
20 15 4 1
20 33 5 3
20 30 6 0
20 36 7 0
20 24 8 2
20 27 9 1
21 12 0 3
21 28 1 0
21 26 2 2
21 3 3 3
21 1 4 0
21 19 5 3
21 0 6 1
21 28 7 0
21 26 8 1
21 30 9 0
22 1 0 1
22 21 1 3
22 14 2 0
22 36 3 2
22 20 4 1
22 8 5 0
22 19 6 1
22 0 7 1
22 17 8 3
22 27 9 3
23 12 0 3
23 6 1 0
23 26 2 2
23 9 3 3
23 4 4 3
23 34 5 2
23 13 6 3
23 33 7 0
23 0 8 0
23 32 9 0
24 12 0 1
24 4 1 3
24 31 2 2
24 22 3 2
24 18 4 2
24 31 5 0
24 9 6 3
24 2 7 0
24 19 8 1
24 23 9 0
25 9 0 1
25 30 1 1
25 23 2 2
25 2 3 1
25 19 4 0
25 13 5 2
25 16 6 3
25 30 7 3
25 22 8 1
25 1 9 3
26 6 0 0
26 33 1 3
26 16 2 1
26 5 3 2
26 13 4 3
26 8 5 0
26 1 6 3
26 2 7 0
26 24 8 1
26 18 9 2
27 25 0 3
27 9 1 3
27 1 2 3
27 22 3 3
27 17 4 2
27 28 5 1
27 18 6 0
27 30 7 0
27 22 8 2
27 30 9 0
28 34 0 0
28 9 1 0
28 26 2 1
28 5 3 0
28 18 4 3
28 30 5 1
28 1 6 0
28 27 7 2
28 2 8 3
28 32 9 3
29 17 0 3
29 24 1 2
29 19 2 3
29 32 3 3
29 2 4 3
29 2 5 0
29 19 6 3
29 35 7 0
29 3 8 1
29 16 9 2
30 20 0 2
30 16 1 3
30 35 2 0
30 9 3 0
30 18 4 0
30 9 5 1
30 25 6 2
30 9 7 2
30 15 8 2
30 21 9 1
31 10 0 1
31 30 1 2
31 2 2 2
31 30 3 3
31 14 4 1
31 4 5 2
31 29 6 3
31 16 7 1
31 27 8 2
31 13 9 2
32 21 0 0
32 29 1 3
32 10 2 1
32 17 3 1
32 20 4 0
32 23 5 3
32 31 6 3
32 16 7 3
32 30 8 0
32 15 9 3
33 30 0 2
33 18 1 2
33 18 2 3
33 23 3 2
33 16 4 1
33 33 5 2
33 17 6 2
33 13 7 0
33 16 8 3
33 29 9 2
34 28 0 1
34 31 1 3
34 16 2 3
34 18 3 0
34 26 4 1
34 33 5 1
34 0 6 3
34 34 7 0
34 32 8 2
34 27 9 3
35 17 0 3
35 6 1 3
35 36 2 0
35 28 3 3
35 5 4 3
35 16 5 2
35 4 6 0
35 26 7 0
35 26 8 0
35 25 9 1
36 3 0 1
36 12 1 0
36 36 2 0
36 36 3 1
36 4 4 1
36 25 5 0
36 10 6 1
36 16 7 1
36 29 8 0
36 35 9 0