13
130
0 0 0 0
0 7 1 2
0 11 2 3
0 9 3 1
0 2 4 2
0 9 5 0
0 5 6 2
0 11 7 2
0 0 8 2
0 3 9 2
1 11 0 3
1 1 1 3
1 9 2 1
1 7 3 2
1 7 4 0
1 4 5 2
1 10 6 2
1 2 7 3
1 7 8 1
1 6 9 0
2 6 0 1
2 7 1 0
2 2 2 3
2 10 3 3
2 9 4 0
2 4 5 1
2 0 6 0
2 2 7 2
2 7 8 2
2 5 9 2
3 8 0 1
3 12 1 0
3 3 2 2
3 1 3 1
3 2 4 1
3 10 5 1
3 9 6 2
3 5 7 1
3 0 8 2
3 7 9 2
4 3 0 1
4 0 1 2
4 4 2 0
4 6 3 3
4 1 4 0
4 10 5 3
4 6 6 0
4 11 7 3
4 12 8 2
4 2 9 1
5 8 0 2
5 2 1 1
5 2 2 0
5 0 3 0
5 0 4 0
5 3 5 2
5 4 6 0
5 6 7 1
5 7 8 0
5 6 9 0
6 5 0 0
6 10 1 2
6 3 2 2
6 8 3 0
6 11 4 2
6 6 5 1
6 5 6 2
6 12 7 2
6 9 8 1
6 3 9 1
7 6 0 3
7 9 1 1
7 11 2 1
7 5 3 1
7 3 4 0
7 7 5 0
7 3 6 3
7 10 7 1
7 2 8 3
7 10 9 1
8 11 0 2
8 12 1 2
8 7 2 0
8 7 3 2
8 5 4 0
8 2 5 3
8 0 6 3
8 6 7 0
8 5 8 0
8 7 9 2
9 0 0 2
9 10 1 2
9 3 2 3
9 4 3 3
9 2 4 1
9 6 5 2
9 2 6 3
9 4 7 2
9 4 8 1
9 1 9 0
10 5 0 3
10 10 1 0
10 12 2 2
10 12 3 0
10 3 4 3
10 0 5 3
10 6 6 2
10 3 7 2
10 10 8 2
10 3 9 2
11 10 0 0
11 5 1 1
11 7 2 0
11 1 3 1
11 3 4 2
11 3 5 0
11 9 6 1
11 0 7 2
11 0 8 0
11 3 9 0
12 7 0 3
12 8 1 2
12 5 2 1
12 11 3 0
12 5 4 2
12 6 5 1
12 6 6 2
12 1 7 0
12 7 8 3
12 2 9 2