21
168
0 17 0 2
0 20 1 3
0 17 2 6
0 18 3 3
0 2 4 6
0 9 5 2
0 0 6 5
0 0 7 6
1 3 0 0
1 1 1 4
1 10 2 2
1 0 3 0
1 0 4 6
1 12 5 1
1 1 6 6
1 11 7 6
2 2 0 7
2 18 1 8
2 6 2 5
2 6 3 2
2 20 4 8
2 2 5 5
2 0 6 5
2 7 7 4
3 0 0 5
3 19 1 5
3 9 2 4
3 17 3 2
3 7 4 2
3 5 5 4
3 9 6 2
3 3 7 8
4 3 0 0
4 0 1 4
4 15 2 1
4 12 3 1
4 13 4 6
4 3 5 5
4 8 6 2
4 2 7 1
5 7 0 2
5 14 1 0
5 7 2 3
5 5 3 2
5 0 4 1
5 19 5 5
5 6 6 1
5 15 7 0
6 7 0 2
6 20 1 4
6 13 2 5
6 17 3 8
6 17 4 2
6 8 5 2
6 9 6 2
6 6 7 1
7 0 0 3
7 3 1 1
7 20 2 3
7 10 3 8
7 17 4 0
7 10 5 5
7 6 6 8
7 14 7 2
8 11 0 1
8 17 1 3
8 8 2 6
8 2 3 2
8 15 4 8
8 11 5 6
8 14 6 0
8 15 7 2
9 6 0 5
9 3 1 2
9 10 2 0
9 13 3 1
9 2 4 4
9 6 5 2
9 4 6 7
9 14 7 0
10 2 0 6
10 3 1 5
10 11 2 0
10 2 3 3
10 8 4 0
10 16 5 2
10 6 6 7
10 8 7 2
11 8 0 6
11 11 1 8
11 1 2 2
11 15 3 8
11 18 4 1
11 6 5 2
11 19 6 3
11 12 7 0
12 12 0 1
12 3 1 8
12 9 2 5
12 14 3 2
12 4 4 4
12 10 5 1
12 16 6 0
12 16 7 2
13 20 0 1
13 18 1 5
13 9 2 8
13 18 3 6
13 9 4 0
13 18 5 0
13 3 6 6
13 20 7 2
14 5 0 5
14 18 1 4
14 12 2 0
14 18 3 5
14 14 4 1
14 10 5 8
14 8 6 1
14 10 7 6
15 5 0 1
15 0 1 8
15 12 2 4
15 17 3 1
15 16 4 8
15 8 5 6
15 19 6 4
15 11 7 2
16 5 0 1
16 16 1 2
16 4 2 4
16 1 3 3
16 11 4 0
16 11 5 7
16 15 6 7
16 9 7 8
17 18 0 6
17 9 1 5
17 14 2 5
17 11 3 3
17 6 4 4
17 2 5 4
17 1 6 1
17 4 7 4
18 20 0 5
18 4 1 1
18 14 2 3
18 7 3 6
18 10 4 3
18 8 5 5
18 11 6 7
18 7 7 3
19 9 0 2
19 9 1 8
19 0 2 1
19 6 3 0
19 18 4 1
19 11 5 6
19 18 6 0
19 1 7 6
20 3 0 4
20 3 1 1
20 14 2 0
20 9 3 6
20 19 4 0
20 0 5 2
20 5 6 8
20 16 7 8