40
280
0 0 0 1
0 37 1 4
0 3 2 4
0 39 3 3
0 0 4 5
0 16 5 5
0 7 6 3
1 9 0 3
1 16 1 5
1 9 2 5
1 36 3 5
1 28 4 1
1 24 5 5
1 1 6 0
2 31 0 4
2 34 1 5
2 15 2 0
2 12 3 2
2 12 4 4
2 31 5 5
2 32 6 4
3 23 0 4
3 28 1 2
3 0 2 0
3 8 3 4
3 25 4 3
3 38 5 5
3 31 6 1
4 37 0 4
4 2 1 2
4 25 2 5
4 12 3 0
4 32 4 0
4 13 5 3
4 8 6 4
5 13 0 1
5 3 1 5
5 25 2 4
5 20 3 3
5 38 4 4
5 4 5 1
5 12 6 3
6 13 0 4
6 25 1 0
6 24 2 0
6 39 3 0
6 9 4 0
6 23 5 3
6 24 6 5
7 28 0 3
7 11 1 4
7 21 2 4
7 6 3 4
7 34 4 4
7 13 5 2
7 32 6 0
8 0 0 4
8 7 1 0
8 5 2 5
8 0 3 0
8 36 4 2
8 12 5 2
8 35 6 1
9 0 0 0
9 34 1 1
9 37 2 1
9 17 3 5
9 3 4 1
9 13 5 1
9 14 6 3
10 9 0 5
10 1 1 4
10 17 2 3
10 6 3 1
10 34 4 1
10 7 5 0
10 30 6 0
11 15 0 2
11 3 1 4
11 34 2 2
11 27 3 2
11 27 4 2
11 22 5 4
11 20 6 0
12 19 0 0
12 0 1 1
12 30 2 3
12 21 3 0
12 3 4 0
12 13 5 1
12 32 6 5
13 11 0 1
13 33 1 4
13 34 2 1
13 29 3 3
13 9 4 2
13 22 5 1
13 27 6 0
14 6 0 2
14 35 1 4
14 29 2 3
14 37 3 0
14 38 4 0
14 8 5 3
14 1 6 3
15 7 0 0
15 12 1 1
15 15 2 3
15 10 3 1
15 2 4 1
15 29 5 2
15 34 6 3
16 0 0 4
16 25 1 5
16 13 2 0
16 5 3 1
16 30 4 5
16 17 5 2
16 7 6 3
17 15 0 0
17 8 1 5
17 34 2 0
17 0 3 0
17 15 4 5
17 20 5 0
17 19 6 1
18 8 0 0
18 39 1 5
18 12 2 4
18 1 3 2
18 24 4 0
18 13 5 2
18 2 6 5
19 0 0 0
19 12 1 3
19 36 2 4
19 27 3 0
19 24 4 1
19 25 5 3
19 39 6 4
20 4 0 1
20 17 1 1
20 16 2 5
20 38 3 1
20 15 4 0
20 30 5 2
20 9 6 5
21 39 0 2
21 39 1 5
21 38 2 0
21 32 3 5
21 6 4 4
21 6 5 2
21 6 6 1
22 19 0 0
22 28 1 4
22 30 2 1
22 23 3 3
22 26 4 2
22 19 5 2
22 29 6 5
23 14 0 0
23 37 1 3
23 31 2 4
23 38 3 0
23 30 4 2
23 1 5 4
23 38 6 4
24 7 0 0
24 15 1 4
24 3 2 0
24 9 3 2
24 13 4 2
24 34 5 2
24 10 6 0
25 8 0 4
25 9 1 0
25 19 2 1
25 33 3 2
25 9 4 5
25 38 5 3
25 37 6 1
26 34 0 4
26 18 1 2
26 31 2 3
26 17 3 0
26 11 4 5
26 34 5 3
26 21 6 3
27 22 0 4
27 36 1 0
27 11 2 4
27 39 3 3
27 17 4 4
27 7 5 2
27 34 6 1
28 32 0 2
28 31 1 3
28 6 2 2
28 21 3 3
28 21 4 5
28 38 5 4
28 33 6 5
29 27 0 5
29 19 1 4
29 7 2 5
29 13 3 3
29 31 4 3
29 20 5 5
29 30 6 0
30 36 0 5
30 13 1 2
30 11 2 0
30 24 3 2
30 3 4 3
30 27 5 1
30 19 6 3
31 19 0 0
31 15 1 5
31 1 2 5
31 3 3 4
31 33 4 5
31 31 5 1
31 1 6 0
32 4 0 4
32 28 1 5
32 29 2 2
32 39 3 5
32 32 4 0
32 3 5 1
32 4 6 2
33 25 0 4
33 29 1 1
33 12 2 0
33 26 3 4
33 39 4 0
33 16 5 0
33 39 6 1
34 7 0 1
34 27 1 3
34 26 2 4
34 33 3 1
34 12 4 1
34 18 5 1
34 30 6 0
35 21 0 2
35 13 1 2
35 2 2 4
35 8 3 3
35 28 4 1
35 15 5 0
35 25 6 4
36 39 0 2
36 14 1 1
36 34 2 4
36 11 3 3
36 11 4 1
36 7 5 3
36 15 6 5
37 36 0 3
37 7 1 2
37 34 2 5
37 26 3 1
37 26 4 4
37 31 5 2
37 24 6 3
38 16 0 3
38 4 1 0
38 35 2 4
38 34 3 3
38 18 4 3
38 37 5 1
38 10 6 3
39 2 0 5
39 24 1 1
39 24 2 2
39 15 3 0
39 14 4 5
39 23 5 2
39 37 6 3