46
460
0 14 0 0
0 27 1 5
0 7 2 3
0 7 3 7
0 13 4 5
0 38 5 2
0 1 6 1
0 15 7 3
0 36 8 5
0 8 9 5
1 42 0 0
1 16 1 2
1 1 2 1
1 36 3 6
1 38 4 3
1 7 5 0
1 9 6 4
1 13 7 5
1 22 8 7
1 10 9 5
2 34 0 2
2 3 1 3
2 9 2 7
2 10 3 5
2 5 4 0
2 16 5 6
2 4 6 3
2 38 7 7
2 18 8 6
2 9 9 0
3 34 0 6
3 12 1 0
3 9 2 5
3 25 3 4
3 39 4 2
3 21 5 4
3 3 6 5
3 18 7 1
3 42 8 2
3 43 9 3
4 15 0 5
4 15 1 2
4 14 2 6
4 28 3 5
4 10 4 1
4 8 5 6
4 43 6 3
4 42 7 0
4 29 8 4
4 29 9 2
5 19 0 1
5 35 1 6
5 20 2 4
5 28 3 2
5 32 4 1
5 24 5 2
5 44 6 6
5 19 7 5
5 27 8 0
5 44 9 3
6 31 0 6
6 20 1 2
6 39 2 5
6 19 3 3
6 37 4 3
6 28 5 1
6 15 6 0
6 42 7 6
6 24 8 1
6 17 9 3
7 33 0 5
7 37 1 1
7 18 2 7
7 9 3 2
7 45 4 4
7 24 5 5
7 14 6 2
7 6 7 4
7 3 8 1
7 4 9 6
8 36 0 4
8 22 1 0
8 34 2 1
8 7 3 1
8 39 4 7
8 30 5 2
8 30 6 4
8 9 7 1
8 21 8 2
8 42 9 7
9 32 0 6
9 12 1 3
9 40 2 1
9 10 3 6
9 13 4 0
9 19 5 7
9 18 6 0
9 30 7 6
9 14 8 6
9 18 9 3
10 12 0 6
10 16 1 7
10 22 2 7
10 41 3 2
10 3 4 7
10 12 5 4
10 35 6 1
10 36 7 3
10 1 8 2
10 4 9 6
11 27 0 2
11 22 1 7
11 31 2 5
11 3 3 0
11 29 4 5
11 3 5 2
11 25 6 0
11 17 7 4
11 0 8 3
11 25 9 7
12 20 0 4
12 41 1 2
12 26 2 1
12 17 3 5
12 5 4 4
12 21 5 4
12 38 6 0
12 2 7 2
12 38 8 7
12 45 9 5
13 26 0 6
13 41 1 4
13 24 2 2
13 19 3 2
13 19 4 4
13 45 5 2
13 24 6 1
13 19 7 2
13 4 8 7
13 27 9 6
14 24 0 6
14 10 1 4
14 40 2 3
14 12 3 5
14 35 4 6
14 28 5 4
14 4 6 7
14 26 7 1
14 19 8 7
14 13 9 6
15 4 0 1
15 45 1 5
15 7 2 5
15 12 3 2
15 11 4 3
15 22 5 2
15 20 6 2
15 28 7 6
15 38 8 4
15 26 9 3
16 23 0 0
16 13 1 1
16 26 2 4
16 35 3 0
16 22 4 2
16 19 5 0
16 40 6 4
16 0 7 2
16 37 8 2
16 30 9 3
17 10 0 1
17 27 1 5
17 11 2 3
17 27 3 4
17 28 4 3
17 10 5 0
17 4 6 2
17 19 7 4
17 37 8 1
17 24 9 3
18 39 0 0
18 40 1 2
18 2 2 7
18 3 3 2
18 8 4 6
18 0 5 5
18 19 6 4
18 7 7 4
18 3 8 3
18 37 9 7
19 43 0 5
19 33 1 7
19 44 2 6
19 36 3 4
19 1 4 7
19 17 5 7
19 2 6 0
19 45 7 6
19 29 8 6
19 34 9 2
20 6 0 5
20 25 1 6
20 33 2 4
20 12 3 6
20 30 4 6
20 7 5 1
20 1 6 6
20 41 7 3
20 35 8 7
20 11 9 0
21 42 0 7
21 35 1 3
21 37 2 7
21 20 3 0
21 32 4 4
21 37 5 5
21 36 6 6
21 11 7 0
21 8 8 6
21 0 9 6
22 20 0 7
22 2 1 0
22 37 2 1
22 30 3 1
22 32 4 4
22 38 5 6
22 9 6 6
22 19 7 3
22 10 8 1
22 36 9 0
23 26 0 2
23 41 1 2
23 6 2 1
23 40 3 5
23 20 4 1
23 39 5 5
23 28 6 4
23 10 7 7
23 12 8 4
23 37 9 5
24 33 0 3
24 36 1 4
24 13 2 4
24 27 3 7
24 4 4 6
24 31 5 4
24 37 6 3
24 19 7 7
24 25 8 2
24 4 9 6
25 2 0 5
25 28 1 0
25 7 2 3
25 7 3 7
25 19 4 7
25 19 5 2
25 3 6 3
25 0 7 1
25 27 8 2
25 35 9 0
26 31 0 6
26 6 1 1
26 14 2 6
26 21 3 2
26 14 4 5
26 27 5 4
26 19 6 3
26 4 7 1
26 15 8 4
26 14 9 5
27 27 0 7
27 14 1 0
27 9 2 4
27 28 3 2
27 17 4 2
27 40 5 4
27 32 6 1
27 16 7 4
27 25 8 5
27 9 9 3
28 25 0 2
28 21 1 1
28 28 2 7
28 37 3 1
28 41 4 3
28 38 5 7
28 17 6 7
28 42 7 2
28 21 8 1
28 22 9 2
29 44 0 0
29 2 1 7
29 9 2 0
29 37 3 0
29 43 4 0
29 19 5 0
29 13 6 3
29 41 7 5
29 26 8 5
29 33 9 2
30 15 0 1
30 43 1 3
30 16 2 0
30 30 3 2
30 20 4 3
30 17 5 5
30 38 6 1
30 26 7 3
30 19 8 0
30 45 9 5
31 22 0 1
31 24 1 5
31 45 2 5
31 3 3 3
31 7 4 0
31 25 5 1
31 26 6 0
31 2 7 4
31 15 8 3
31 20 9 2
32 9 0 4
32 36 1 5
32 7 2 4
32 10 3 3
32 14 4 6
32 23 5 5
32 1 6 2
32 45 7 5
32 19 8 4
32 14 9 1
33 27 0 5
33 10 1 1
33 12 2 1
33 10 3 2
33 25 4 5
33 13 5 5
33 20 6 0
33 20 7 5
33 32 8 2
33 4 9 1
34 45 0 6
34 26 1 2
34 35 2 4
34 42 3 5
34 5 4 5
34 35 5 6
34 29 6 0
34 36 7 4
34 18 8 5
34 33 9 1
35 40 0 7
35 5 1 0
35 45 2 7
35 25 3 1
35 13 4 5
35 45 5 0
35 5 6 2
35 14 7 1
35 37 8 2
35 3 9 5
36 35 0 3
36 26 1 2
36 26 2 1
36 17 3 5
36 8 4 1
36 45 5 6
36 23 6 3
36 30 7 4
36 20 8 3
36 23 9 0
37 30 0 6
37 14 1 0
37 36 2 4
37 42 3 5
37 9 4 6
37 12 5 6
37 43 6 3
37 12 7 1
37 31 8 0
37 33 9 4
38 16 0 6
38 25 1 2
38 32 2 3
38 21 3 6
38 3 4 3
38 17 5 4
38 28 6 3
38 15 7 6
38 24 8 3
38 43 9 4
39 21 0 4
39 4 1 3
39 1 2 4
39 2 3 5
39 40 4 1
39 15 5 5
39 20 6 2
39 18 7 0
39 2 8 7
39 15 9 4
40 41 0 4
40 24 1 2
40 8 2 4
40 24 3 1
40 23 4 5
40 5 5 7
40 7 6 2
40 36 7 7
40 17 8 1
40 2 9 0
41 30 0 2
41 6 1 7
41 16 2 4
41 40 3 1
41 27 4 0
41 40 5 3
41 9 6 1
41 2 7 2
41 11 8 6
41 30 9 6
42 3 0 3
42 38 1 4
42 39 2 3
42 6 3 3
42 34 4 3
42 2 5 4
42 39 6 5
42 2 7 2
42 44 8 0
42 30 9 0
43 0 0 2
43 18 1 7
43 19 2 1
43 19 3 6
43 22 4 7
43 37 5 5
43 40 6 2
43 41 7 6
43 12 8 4
43 9 9 2
44 17 0 7
44 37 1 2
44 30 2 4
44 37 3 0
44 40 4 6
44 19 5 0
44 1 6 1
44 16 7 0
44 36 8 6
44 1 9 2
45 5 0 2
45 34 1 6
45 4 2 5
45 37 3 3
45 19 4 3
45 9 5 2
45 32 6 5
45 42 7 0
45 19 8 0
45 30 9 5