50
250
0 21 0 2
0 34 1 8
0 30 2 7
0 26 3 3
0 38 4 7
1 40 0 9
1 35 1 7
1 18 2 9
1 49 3 4
1 26 4 0
2 24 0 9
2 15 1 8
2 21 2 9
2 34 3 7
2 23 4 3
3 32 0 2
3 4 1 8
3 34 2 7
3 8 3 7
3 40 4 1
4 23 0 0
4 10 1 5
4 35 2 6
4 19 3 8
4 41 4 3
5 40 0 4
5 27 1 3
5 24 2 8
5 21 3 6
5 29 4 1
6 4 0 0
6 45 1 5
6 32 2 8
6 46 3 8
6 38 4 3
7 22 0 1
7 42 1 6
7 17 2 8
7 30 3 1
7 6 4 6
8 24 0 2
8 11 1 3
8 32 2 2
8 1 3 4
8 28 4 3
9 33 0 7
9 24 1 8
9 33 2 6
9 35 3 3
9 24 4 9
10 41 0 7
10 0 1 9
10 39 2 8
10 41 3 7
10 2 4 2
11 9 0 8
11 31 1 2
11 33 2 0
11 14 3 9
11 8 4 3
12 47 0 3
12 46 1 2
12 30 2 5
12 17 3 9
12 24 4 7
13 36 0 2
13 10 1 4
13 4 2 6
13 30 3 4
13 33 4 8
14 40 0 9
14 3 1 4
14 18 2 4
14 17 3 4
14 10 4 6
15 44 0 1
15 7 1 2
15 7 2 5
15 24 3 5
15 45 4 3
16 45 0 8
16 1 1 7
16 12 2 9
16 10 3 1
16 30 4 4
17 40 0 2
17 33 1 8
17 1 2 6
17 22 3 4
17 42 4 5
18 42 0 3
18 12 1 7
18 34 2 3
18 25 3 4
18 26 4 2
19 12 0 5
19 9 1 5
19 22 2 2
19 24 3 5
19 10 4 0
20 37 0 7
20 12 1 6
20 2 2 9
20 49 3 4
20 5 4 5
21 28 0 5
21 11 1 4
21 5 2 3
21 17 3 3
21 31 4 6
22 41 0 9
22 39 1 9
22 34 2 1
22 29 3 1
22 27 4 9
23 42 0 7
23 20 1 7
23 0 2 3
23 14 3 5
23 39 4 9
24 19 0 7
24 18 1 5
24 9 2 1
24 8 3 3
24 1 4 2
25 9 0 8
25 1 1 0
25 32 2 9
25 18 3 6
25 31 4 2
26 40 0 1
26 36 1 2
26 1 2 1
26 24 3 9
26 16 4 0
27 32 0 1
27 18 1 6
27 26 2 6
27 33 3 1
27 16 4 2
28 36 0 7
28 47 1 0
28 25 2 3
28 15 3 9
28 25 4 2
29 5 0 1
29 16 1 6
29 16 2 7
29 41 3 2
29 3 4 4
30 5 0 4
30 4 1 4
30 2 2 2
30 6 3 7
30 13 4 0
31 35 0 0
31 3 1 1
31 47 2 5
31 36 3 4
31 44 4 1
32 47 0 3
32 5 1 8
32 20 2 8
32 42 3 5
32 32 4 8
33 30 0 0
33 33 1 9
33 31 2 7
33 25 3 1
33 31 4 1
34 48 0 4
34 38 1 5
34 26 2 1
34 25 3 6
34 21 4 5
35 34 0 8
35 26 1 5
35 13 2 1
35 25 3 5
35 38 4 4
36 45 0 4
36 23 1 6
36 29 2 3
36 18 3 0
36 15 4 0
37 44 0 2
37 11 1 7
37 41 2 5
37 41 3 8
37 31 4 2
38 19 0 8
38 29 1 4
38 8 2 2
38 2 3 4
38 34 4 9
39 38 0 1
39 13 1 8
39 32 2 4
39 13 3 9
39 14 4 7
40 0 0 1
40 18 1 5
40 7 2 1
40 4 3 2
40 36 4 3
41 20 0 7
41 15 1 2
41 27 2 5
41 21 3 7
41 39 4 0
42 19 0 5
42 27 1 6
42 28 2 4
42 46 3 4
42 34 4 9
43 5 0 7
43 40 1 1
43 37 2 8
43 49 3 9
43 4 4 7
44 43 0 3
44 30 1 0
44 25 2 7
44 0 3 8
44 1 4 0
45 16 0 5
45 1 1 9
45 13 2 5
45 46 3 2
45 18 4 5
46 42 0 3
46 13 1 4
46 23 2 9
46 39 3 4
46 32 4 3
47 9 0 1
47 4 1 8
47 46 2 6
47 19 3 1
47 18 4 3
48 14 0 8
48 0 1 7
48 28 2 5
48 14 3 7
48 25 4 6
49 44 0 2
49 26 1 5
49 13 2 6
49 5 3 1
49 31 4 4