50
500
0 13 0 2
0 18 1 2
0 21 2 0
0 1 3 1
0 32 4 1
0 44 5 0
0 24 6 2
0 17 7 1
0 11 8 2
0 39 9 2
1 33 0 2
1 41 1 2
1 29 2 2
1 12 3 2
1 12 4 2
1 35 5 0
1 15 6 1
1 33 7 0
1 29 8 0
1 44 9 0
2 21 0 0
2 40 1 1
2 49 2 1
2 17 3 2
2 29 4 2
2 10 5 2
2 43 6 0
2 22 7 2
2 42 8 2
2 31 9 2
3 25 0 0
3 45 1 2
3 12 2 0
3 48 3 1
3 22 4 2
3 36 5 1
3 45 6 0
3 28 7 0
3 1 8 0
3 28 9 1
4 35 0 2
4 13 1 0
4 39 2 2
4 0 3 2
4 36 4 0
4 1 5 0
4 24 6 0
4 12 7 1
4 42 8 2
4 1 9 1
5 39 0 0
5 8 1 2
5 6 2 1
5 28 3 1
5 5 4 2
5 27 5 2
5 30 6 2
5 12 7 2
5 12 8 0
5 42 9 0
6 23 0 0
6 41 1 0
6 22 2 1
6 5 3 1
6 27 4 2
6 41 5 2
6 23 6 1
6 12 7 0
6 47 8 0
6 37 9 0
7 22 0 0
7 24 1 0
7 24 2 0
7 7 3 2
7 26 4 1
7 21 5 1
7 8 6 2
7 45 7 1
7 4 8 0
7 22 9 1
8 18 0 0
8 31 1 2
8 21 2 0
8 1 3 0
8 24 4 2
8 18 5 1
8 9 6 0
8 3 7 0
8 4 8 1
8 22 9 0
9 20 0 2
9 26 1 2
9 29 2 1
9 26 3 0
9 29 4 0
9 5 5 1
9 9 6 1
9 27 7 1
9 6 8 1
9 37 9 0
10 30 0 1
10 31 1 2
10 32 2 0
10 27 3 0
10 0 4 1
10 11 5 0
10 28 6 1
10 31 7 1
10 37 8 2
10 45 9 0
11 2 0 1
11 19 1 0
11 33 2 1
11 46 3 2
11 45 4 2
11 36 5 0
11 38 6 2
11 5 7 1
11 0 8 0
11 18 9 2
12 22 0 0
12 23 1 1
12 23 2 0
12 13 3 2
12 23 4 1
12 16 5 0
12 26 6 2
12 3 7 1
12 30 8 1
12 10 9 1
13 27 0 0
13 49 1 0
13 16 2 0
13 36 3 0
13 39 4 0
13 39 5 1
13 13 6 2
13 1 7 0
13 9 8 2
13 26 9 1
14 37 0 1
14 33 1 1
14 26 2 2
14 3 3 1
14 49 4 2
14 42 5 2
14 29 6 2
14 42 7 1
14 10 8 1
14 4 9 0
15 17 0 2
15 34 1 1
15 47 2 1
15 3 3 1
15 1 4 1
15 10 5 2
15 13 6 1
15 45 7 1
15 39 8 0
15 23 9 0
16 14 0 2
16 21 1 2
16 16 2 1
16 46 3 0
16 16 4 0
16 43 5 2
16 23 6 1
16 19 7 0
16 31 8 2
16 35 9 0
17 18 0 1
17 22 1 1
17 29 2 1
17 27 3 1
17 36 4 2
17 42 5 2
17 35 6 0
17 45 7 0
17 19 8 2
17 19 9 1
18 22 0 2
18 43 1 1
18 19 2 0
18 31 3 2
18 28 4 0
18 17 5 0
18 29 6 2
18 42 7 0
18 17 8 1
18 13 9 0
19 19 0 2
19 18 1 1
19 28 2 1
19 18 3 2
19 29 4 0
19 7 5 2
19 10 6 2
19 10 7 1
19 3 8 2
19 1 9 2
20 24 0 2
20 11 1 1
20 37 2 1
20 5 3 0
20 11 4 2
20 39 5 1
20 29 6 1
20 14 7 1
20 23 8 0
20 23 9 1
21 6 0 1
21 43 1 0
21 6 2 0
21 39 3 2
21 10 4 2
21 39 5 2
21 47 6 0
21 39 7 2
21 13 8 2
21 12 9 1
22 17 0 2
22 10 1 2
22 0 2 1
22 20 3 0
22 39 4 2
22 23 5 1
22 17 6 2
22 36 7 0
22 48 8 0
22 5 9 1
23 19 0 2
23 49 1 0
23 43 2 0
23 0 3 0
23 16 4 1
23 7 5 1
23 27 6 2
23 11 7 2
23 9 8 1
23 44 9 2
24 6 0 0
24 16 1 2
24 6 2 2
24 42 3 0
24 6 4 2
24 22 5 2
24 17 6 0
24 44 7 1
24 44 8 1
24 19 9 2
25 3 0 0
25 40 1 1
25 47 2 2
25 37 3 0
25 24 4 2
25 39 5 2
25 32 6 1
25 45 7 0
25 2 8 1
25 19 9 0
26 7 0 2
26 18 1 2
26 27 2 2
26 8 3 1
26 12 4 2
26 28 5 0
26 41 6 1
26 43 7 2
26 2 8 0
26 48 9 1
27 8 0 2
27 16 1 2
27 27 2 1
27 24 3 0
27 43 4 0
27 32 5 1
27 30 6 2
27 29 7 1
27 1 8 2
27 43 9 2
28 31 0 1
28 3 1 1
28 1 2 1
28 41 3 0
28 33 4 1
28 14 5 2
28 10 6 2
28 31 7 1
28 34 8 2
28 28 9 0
29 32 0 2
29 41 1 1
29 47 2 1
29 35 3 1
29 11 4 2
29 22 5 2
29 40 6 2
29 32 7 2
29 48 8 1
29 39 9 1
30 28 0 2
30 22 1 2
30 17 2 1
30 0 3 2
30 49 4 1
30 20 5 1
30 42 6 1
30 13 7 2
30 31 8 1
30 10 9 2
31 20 0 1
31 22 1 0
31 44 2 2
31 5 3 1
31 34 4 1
31 27 5 0
31 40 6 0
31 31 7 2
31 43 8 1
31 18 9 0
32 12 0 0
32 18 1 0
32 22 2 2
32 2 3 1
32 10 4 2
32 31 5 0
32 46 6 0
32 15 7 0
32 37 8 0
32 20 9 2
33 10 0 0
33 9 1 2
33 47 2 0
33 36 3 1
33 36 4 2
33 27 5 0
33 19 6 0
33 3 7 0
33 5 8 0
33 32 9 2
34 44 0 1
34 1 1 2
34 49 2 1
34 41 3 1
34 28 4 2
34 18 5 1
34 6 6 2
34 23 7 1
34 37 8 1
34 25 9 0
35 45 0 0
35 43 1 0
35 24 2 0
35 31 3 1
35 32 4 2
35 40 5 1
35 48 6 0
35 0 7 1
35 28 8 1
35 35 9 0
36 0 0 2
36 41 1 0
36 33 2 1
36 12 3 1
36 49 4 0
36 2 5 0
36 37 6 1
36 43 7 0
36 14 8 2
36 34 9 0
37 20 0 1
37 0 1 0
37 30 2 2
37 40 3 0
37 23 4 2
37 39 5 1
37 19 6 1
37 4 7 0
37 45 8 0
37 45 9 1
38 37 0 1
38 4 1 0
38 19 2 0
38 6 3 2
38 45 4 0
38 37 5 0
38 42 6 1
38 43 7 0
38 39 8 2
38 45 9 1
39 29 0 0
39 15 1 2
39 12 2 1
39 38 3 0
39 17 4 1
39 40 5 0
39 20 6 2
39 27 7 1
39 36 8 1
39 12 9 2
40 26 0 0
40 29 1 2
40 7 2 1
40 40 3 1
40 3 4 2
40 27 5 2
40 35 6 0
40 43 7 2
40 7 8 0
40 25 9 1
41 7 0 2
41 37 1 2
41 26 2 1
41 2 3 2
41 46 4 2
41 43 5 2
41 28 6 0
41 9 7 1
41 0 8 0
41 7 9 0
42 4 0 1
42 18 1 2
42 46 2 2
42 29 3 0
42 42 4 0
42 30 5 1
42 16 6 0
42 13 7 0
42 35 8 0
42 22 9 2
43 21 0 1
43 44 1 0
43 45 2 1
43 9 3 1
43 16 4 2
43 20 5 1
43 36 6 0
43 15 7 2
43 2 8 1
43 38 9 2
44 36 0 0
44 15 1 1
44 24 2 2
44 15 3 1
44 17 4 1
44 33 5 1
44 16 6 0
44 43 7 0
44 18 8 2
44 29 9 2
45 23 0 1
45 33 1 2
45 37 2 0
45 42 3 2
45 23 4 2
45 37 5 1
45 21 6 0
45 37 7 1
45 38 8 0
45 29 9 0
46 16 0 2
46 12 1 1
46 11 2 0
46 24 3 2
46 4 4 2
46 16 5 1
46 40 6 2
46 25 7 2
46 13 8 1
46 34 9 1
47 40 0 1
47 15 1 0
47 40 2 0
47 41 3 0
47 25 4 2
47 49 5 1
47 24 6 2
47 11 7 0
47 37 8 1
47 0 9 1
48 41 0 0
48 17 1 2
48 17 2 0
48 43 3 2
48 46 4 2
48 28 5 1
48 30 6 1
48 17 7 0
48 19 8 0
48 4 9 1
49 32 0 1
49 1 1 0
49 10 2 0
49 9 3 0
49 6 4 2
49 8 5 1
49 41 6 2
49 41 7 2
49 29 8 0
49 25 9 0