27
270
0 11 0 2
0 7 1 2
0 5 2 2
0 19 3 1
0 18 4 0
0 16 5 4
0 20 6 2
0 0 7 3
0 14 8 0
0 22 9 1
1 11 0 0
1 12 1 1
1 11 2 3
1 2 3 1
1 15 4 2
1 6 5 0
1 21 6 3
1 16 7 0
1 17 8 2
1 13 9 2
2 22 0 0
2 8 1 1
2 9 2 2
2 1 3 4
2 2 4 4
2 18 5 0
2 6 6 0
2 9 7 4
2 7 8 1
2 21 9 2
3 9 0 4
3 24 1 1
3 11 2 3
3 20 3 0
3 19 4 2
3 5 5 2
3 14 6 2
3 14 7 3
3 13 8 2
3 3 9 3
4 5 0 4
4 24 1 4
4 24 2 0
4 4 3 1
4 3 4 4
4 25 5 3
4 3 6 2
4 12 7 4
4 2 8 2
4 1 9 0
5 8 0 4
5 21 1 0
5 24 2 1
5 21 3 4
5 16 4 3
5 3 5 0
5 13 6 1
5 3 7 3
5 26 8 0
5 2 9 1
6 0 0 3
6 4 1 1
6 13 2 4
6 8 3 2
6 20 4 3
6 6 5 1
6 21 6 3
6 14 7 0
6 23 8 1
6 4 9 3
7 14 0 2
7 17 1 0
7 1 2 4
7 3 3 1
7 17 4 4
7 14 5 4
7 12 6 4
7 2 7 3
7 12 8 2
7 4 9 1
8 16 0 2
8 24 1 1
8 4 2 3
8 15 3 4
8 18 4 4
8 25 5 2
8 24 6 3
8 17 7 0
8 12 8 4
8 5 9 4
9 11 0 1
9 17 1 4
9 19 2 0
9 4 3 4
9 14 4 0
9 11 5 3
9 15 6 0
9 24 7 2
9 25 8 2
9 18 9 3
10 11 0 3
10 8 1 4
10 9 2 0
10 13 3 0
10 2 4 0
10 15 5 3
10 26 6 0
10 2 7 2
10 20 8 2
10 0 9 1
11 24 0 0
11 22 1 4
11 17 2 4
11 13 3 0
11 9 4 4
11 25 5 3
11 15 6 3
11 4 7 2
11 18 8 3
11 8 9 0
12 10 0 4
12 15 1 3
12 5 2 4
12 7 3 0
12 24 4 2
12 24 5 1
12 20 6 0
12 6 7 1
12 0 8 1
12 26 9 3
13 21 0 3
13 17 1 0
13 25 2 1
13 9 3 0
13 14 4 0
13 18 5 2
13 12 6 0
13 22 7 4
13 2 8 3
13 17 9 0
14 11 0 1
14 15 1 2
14 6 2 0
14 23 3 1
14 25 4 3
14 4 5 2
14 1 6 3
14 20 7 3
14 22 8 4
14 12 9 2
15 4 0 3
15 12 1 3
15 21 2 4
15 17 3 1
15 9 4 3
15 21 5 4
15 1 6 2
15 7 7 3
15 18 8 3
15 5 9 0
16 20 0 1
16 3 1 1
16 10 2 3
16 19 3 0
16 13 4 0
16 15 5 1
16 5 6 3
16 5 7 2
16 1 8 4
16 25 9 3
17 15 0 0
17 1 1 0
17 5 2 3
17 19 3 3
17 9 4 2
17 6 5 1
17 20 6 2
17 14 7 4
17 3 8 1
17 7 9 0
18 7 0 2
18 5 1 1
18 2 2 3
18 13 3 2
18 3 4 0
18 10 5 2
18 26 6 2
18 10 7 0
18 24 8 2
18 6 9 0
19 5 0 2
19 5 1 2
19 19 2 4
19 12 3 1
19 10 4 4
19 7 5 1
19 13 6 0
19 0 7 0
19 1 8 2
19 14 9 2
20 8 0 1
20 14 1 1
20 2 2 2
20 0 3 3
20 11 4 4
20 13 5 0
20 26 6 1
20 13 7 0
20 13 8 1
20 23 9 0
21 18 0 2
21 5 1 4
21 10 2 3
21 7 3 0
21 23 4 3
21 9 5 1
21 20 6 4
21 10 7 4
21 8 8 4
21 17 9 3
22 13 0 0
22 8 1 1
22 14 2 4
22 17 3 2
22 16 4 4
22 19 5 2
22 18 6 4
22 21 7 2
22 8 8 1
22 7 9 4
23 24 0 1
23 25 1 0
23 5 2 2
23 14 3 4
23 9 4 2
23 13 5 3
23 4 6 4
23 22 7 0
23 8 8 2
23 16 9 2
24 15 0 4
24 25 1 3
24 11 2 2
24 25 3 0
24 4 4 1
24 5 5 1
24 8 6 3
24 1 7 2
24 16 8 2
24 24 9 4
25 14 0 2
25 21 1 4
25 4 2 3
25 10 3 1
25 26 4 4
25 10 5 4
25 8 6 3
25 11 7 3
25 21 8 3
25 20 9 1
26 3 0 1
26 6 1 0
26 3 2 1
26 15 3 2
26 14 4 0
26 15 5 2
26 3 6 2
26 18 7 4
26 22 8 1
26 13 9 0