42
210
0 21 0 8
0 33 1 5
0 31 2 1
0 2 3 5
0 4 4 1
1 32 0 7
1 23 1 8
1 0 2 5
1 2 3 0
1 14 4 0
2 18 0 1
2 20 1 3
2 34 2 1
2 7 3 6
2 4 4 1
3 4 0 1
3 22 1 4
3 19 2 0
3 1 3 5
3 36 4 2
4 32 0 7
4 35 1 2
4 23 2 6
4 10 3 5
4 6 4 5
5 39 0 5
5 29 1 7
5 2 2 2
5 33 3 8
5 28 4 4
6 31 0 5
6 8 1 8
6 32 2 4
6 15 3 6
6 40 4 5
7 23 0 5
7 22 1 1
7 31 2 2
7 31 3 5
7 33 4 1
8 31 0 3
8 29 1 1
8 14 2 1
8 35 3 1
8 3 4 0
9 24 0 8
9 27 1 0
9 34 2 4
9 0 3 4
9 34 4 8
10 16 0 0
10 23 1 1
10 14 2 7
10 17 3 5
10 5 4 1
11 7 0 8
11 30 1 6
11 32 2 3
11 22 3 4
11 27 4 7
12 9 0 7
12 7 1 5
12 25 2 5
12 33 3 0
12 6 4 8
13 0 0 5
13 7 1 0
13 32 2 1
13 9 3 8
13 16 4 6
14 25 0 0
14 14 1 8
14 13 2 5
14 8 3 7
14 7 4 7
15 6 0 0
15 35 1 0
15 1 2 1
15 11 3 4
15 16 4 3
16 26 0 4
16 25 1 2
16 41 2 4
16 0 3 2
16 35 4 6
17 8 0 4
17 41 1 4
17 14 2 4
17 35 3 7
17 7 4 1
18 14 0 7
18 41 1 6
18 29 2 4
18 41 3 0
18 19 4 5
19 39 0 6
19 17 1 5
19 12 2 0
19 23 3 8
19 6 4 1
20 9 0 7
20 5 1 7
20 27 2 3
20 23 3 2
20 0 4 5
21 10 0 4
21 25 1 4
21 7 2 5
21 32 3 5
21 12 4 2
22 20 0 1
22 24 1 1
22 6 2 8
22 1 3 5
22 32 4 4
23 15 0 1
23 36 1 1
23 36 2 1
23 22 3 7
23 8 4 8
24 39 0 2
24 20 1 7
24 26 2 7
24 20 3 1
24 24 4 2
25 30 0 1
25 3 1 3
25 0 2 5
25 6 3 0
25 22 4 0
26 6 0 0
26 36 1 6
26 9 2 5
26 17 3 8
26 25 4 6
27 27 0 8
27 32 1 1
27 23 2 1
27 33 3 5
27 7 4 2
28 20 0 0
28 35 1 5
28 18 2 4
28 36 3 2
28 22 4 4
29 1 0 0
29 17 1 0
29 33 2 7
29 21 3 3
29 28 4 5
30 12 0 0
30 17 1 6
30 6 2 4
30 27 3 1
30 28 4 6
31 15 0 7
31 34 1 6
31 14 2 6
31 14 3 7
31 26 4 5
32 34 0 1
32 10 1 5
32 0 2 2
32 40 3 2
32 26 4 4
33 16 0 3
33 32 1 6
33 3 2 6
33 10 3 1
33 19 4 0
34 25 0 5
34 8 1 3
34 30 2 1
34 41 3 6
34 36 4 0
35 39 0 5
35 6 1 1
35 5 2 1
35 38 3 7
35 9 4 1
36 33 0 8
36 40 1 6
36 12 2 2
36 25 3 7
36 23 4 4
37 35 0 6
37 39 1 6
37 10 2 5
37 13 3 7
37 25 4 8
38 8 0 6
38 14 1 0
38 41 2 6
38 20 3 7
38 31 4 7
39 38 0 7
39 8 1 1
39 22 2 4
39 30 3 4
39 37 4 2
40 21 0 5
40 27 1 7
40 0 2 1
40 40 3 4
40 19 4 5
41 20 0 0
41 29 1 6
41 33 2 4
41 41 3 0
41 34 4 0