36
360
0 34 0 1
0 35 1 2
0 8 2 4
0 32 3 5
0 28 4 4
0 29 5 3
0 4 6 5
0 6 7 0
0 20 8 1
0 20 9 2
1 25 0 3
1 0 1 4
1 6 2 1
1 31 3 1
1 1 4 2
1 10 5 2
1 11 6 1
1 17 7 2
1 10 8 3
1 4 9 1
2 20 0 4
2 29 1 2
2 16 2 2
2 13 3 4
2 13 4 0
2 7 5 4
2 35 6 0
2 34 7 5
2 34 8 2
2 12 9 5
3 5 0 3
3 0 1 0
3 12 2 0
3 30 3 2
3 35 4 1
3 34 5 2
3 24 6 3
3 17 7 5
3 33 8 0
3 7 9 2
4 22 0 5
4 10 1 2
4 9 2 0
4 21 3 1
4 7 4 2
4 7 5 0
4 16 6 0
4 11 7 2
4 32 8 3
4 4 9 2
5 13 0 4
5 2 1 1
5 32 2 4
5 20 3 0
5 7 4 0
5 13 5 3
5 13 6 5
5 17 7 2
5 18 8 3
5 5 9 3
6 35 0 0
6 3 1 3
6 22 2 1
6 17 3 2
6 2 4 5
6 33 5 2
6 25 6 2
6 14 7 5
6 20 8 4
6 26 9 2
7 25 0 0
7 15 1 5
7 21 2 5
7 17 3 1
7 32 4 1
7 33 5 2
7 20 6 2
7 16 7 4
7 10 8 5
7 32 9 2
8 4 0 1
8 20 1 3
8 21 2 2
8 12 3 0
8 12 4 2
8 23 5 2
8 20 6 0
8 8 7 4
8 17 8 2
8 5 9 4
9 23 0 1
9 2 1 2
9 20 2 1
9 19 3 2
9 20 4 2
9 9 5 1
9 29 6 3
9 26 7 0
9 25 8 4
9 29 9 0
10 8 0 1
10 32 1 4
10 11 2 2
10 10 3 1
10 7 4 5
10 33 5 5
10 20 6 1
10 4 7 5
10 30 8 1
10 3 9 0
11 29 0 0
11 8 1 5
11 5 2 4
11 6 3 2
11 32 4 0
11 17 5 3
11 20 6 3
11 8 7 3
11 23 8 2
11 31 9 4
12 30 0 2
12 13 1 5
12 14 2 3
12 31 3 4
12 29 4 5
12 24 5 0
12 24 6 0
12 20 7 4
12 32 8 5
12 32 9 5
13 23 0 2
13 15 1 5
13 21 2 1
13 7 3 2
13 27 4 0
13 8 5 0
13 18 6 2
13 30 7 3
13 2 8 3
13 11 9 1
14 31 0 0
14 2 1 3
14 30 2 2
14 22 3 1
14 10 4 1
14 24 5 0
14 29 6 4
14 21 7 5
14 5 8 3
14 10 9 3
15 4 0 5
15 9 1 5
15 7 2 0
15 7 3 3
15 0 4 5
15 23 5 2
15 27 6 4
15 14 7 4
15 31 8 4
15 19 9 4
16 26 0 1
16 7 1 0
16 31 2 5
16 33 3 0
16 29 4 1
16 23 5 1
16 17 6 5
16 5 7 5
16 17 8 1
16 28 9 4
17 23 0 2
17 0 1 1
17 13 2 2
17 7 3 5
17 14 4 4
17 16 5 3
17 14 6 5
17 24 7 3
17 28 8 3
17 0 9 0
18 22 0 5
18 24 1 1
18 7 2 0
18 13 3 1
18 24 4 2
18 26 5 1
18 8 6 4
18 6 7 4
18 4 8 4
18 21 9 5
19 8 0 4
19 16 1 4
19 33 2 0
19 35 3 2
19 1 4 0
19 14 5 5
19 14 6 5
19 13 7 1
19 25 8 3
19 17 9 1
20 12 0 4
20 23 1 2
20 18 2 3
20 4 3 2
20 34 4 4
20 17 5 1
20 16 6 0
20 2 7 0
20 19 8 5
20 8 9 4
21 10 0 0
21 26 1 5
21 26 2 4
21 33 3 2
21 8 4 1
21 25 5 3
21 9 6 0
21 14 7 0
21 26 8 1
21 20 9 0
22 34 0 2
22 1 1 4
22 23 2 4
22 33 3 2
22 32 4 2
22 20 5 2
22 26 6 1
22 21 7 4
22 23 8 4
22 27 9 5
23 0 0 2
23 17 1 3
23 7 2 4
23 24 3 4
23 35 4 4
23 4 5 4
23 8 6 0
23 15 7 2
23 24 8 1
23 6 9 3
24 8 0 0
24 26 1 2
24 1 2 1
24 32 3 5
24 27 4 2
24 6 5 5
24 12 6 3
24 28 7 5
24 26 8 3
24 7 9 5
25 17 0 3
25 9 1 2
25 16 2 1
25 27 3 2
25 12 4 3
25 17 5 3
25 20 6 3
25 18 7 0
25 20 8 1
25 12 9 4
26 20 0 3
26 35 1 5
26 8 2 4
26 11 3 2
26 18 4 0
26 33 5 3
26 22 6 4
26 23 7 2
26 14 8 5
26 35 9 5
27 2 0 4
27 29 1 4
27 14 2 0
27 17 3 4
27 23 4 3
27 12 5 5
27 0 6 0
27 4 7 1
27 29 8 3
27 34 9 3
28 19 0 5
28 9 1 5
28 32 2 5
28 33 3 4
28 30 4 1
28 5 5 1
28 7 6 2
28 0 7 2
28 27 8 3
28 14 9 5
29 29 0 3
29 10 1 3
29 1 2 0
29 32 3 5
29 3 4 0
29 29 5 0
29 17 6 5
29 32 7 4
29 15 8 4
29 32 9 5
30 0 0 0
30 32 1 1
30 26 2 1
30 12 3 2
30 3 4 1
30 33 5 3
30 22 6 1
30 8 7 0
30 5 8 3
30 35 9 2
31 13 0 0
31 20 1 5
31 12 2 1
31 0 3 0
31 4 4 1
31 9 5 2
31 28 6 5
31 1 7 4
31 12 8 0
31 18 9 5
32 30 0 3
32 6 1 2
32 12 2 3
32 28 3 2
32 10 4 2
32 26 5 3
32 19 6 5
32 10 7 2
32 5 8 0
32 16 9 2
33 10 0 3
33 5 1 3
33 26 2 5
33 15 3 4
33 28 4 1
33 25 5 0
33 4 6 1
33 18 7 3
33 0 8 4
33 30 9 0
34 30 0 0
34 16 1 1
34 19 2 3
34 32 3 3
34 30 4 1
34 4 5 3
34 2 6 2
34 11 7 3
34 35 8 4
34 6 9 4
35 27 0 2
35 27 1 1
35 34 2 2
35 12 3 3
35 0 4 4
35 32 5 0
35 23 6 1
35 9 7 3
35 14 8 2
35 34 9 5