14
84
0 10 0 2
0 9 1 3
0 13 2 3
0 7 3 1
0 5 4 1
0 10 5 3
1 8 0 4
1 0 1 2
1 3 2 4
1 5 3 4
1 6 4 2
1 10 5 1
2 3 0 4
2 1 1 4
2 1 2 4
2 11 3 3
2 13 4 3
2 1 5 3
3 9 0 1
3 13 1 4
3 11 2 2
3 13 3 1
3 0 4 4
3 0 5 2
4 7 0 2
4 10 1 1
4 1 2 3
4 0 3 3
4 9 4 3
4 1 5 3
5 12 0 2
5 13 1 3
5 12 2 2
5 6 3 0
5 1 4 1
5 0 5 1
6 6 0 4
6 4 1 4
6 7 2 4
6 6 3 3
6 4 4 4
6 6 5 2
7 5 0 1
7 1 1 4
7 4 2 1
7 8 3 2
7 4 4 3
7 0 5 2
8 12 0 3
8 6 1 1
8 1 2 3
8 9 3 1
8 7 4 4
8 13 5 2
9 1 0 4
9 9 1 1
9 12 2 4
9 8 3 3
9 4 4 1
9 10 5 0
10 9 0 4
10 1 1 1
10 13 2 0
10 13 3 4
10 10 4 1
10 2 5 0
11 3 0 1
11 7 1 4
11 1 2 4
11 13 3 0
11 8 4 3
11 9 5 2
12 10 0 3
12 6 1 0
12 10 2 1
12 12 3 2
12 11 4 0
12 2 5 2
13 1 0 4
13 1 1 1
13 5 2 4
13 1 3 3
13 5 4 3
13 0 5 4