12
108
0 0 0 4
0 11 1 1
0 2 2 1
0 9 3 0
0 8 4 3
0 2 5 2
0 0 6 3
0 10 7 2
0 5 8 3
1 7 0 1
1 1 1 3
1 5 2 0
1 2 3 2
1 10 4 2
1 5 5 1
1 0 6 3
1 1 7 4
1 1 8 0
2 10 0 1
2 2 1 3
2 2 2 2
2 9 3 0
2 6 4 4
2 0 5 4
2 6 6 2
2 7 7 3
2 6 8 3
3 9 0 0
3 4 1 3
3 4 2 4
3 3 3 4
3 7 4 2
3 11 5 2
3 0 6 4
3 8 7 0
3 11 8 2
4 10 0 1
4 2 1 3
4 6 2 1
4 1 3 0
4 2 4 4
4 1 5 3
4 10 6 0
4 4 7 2
4 6 8 1
5 8 0 0
5 10 1 2
5 2 2 0
5 10 3 3
5 11 4 3
5 0 5 0
5 5 6 1
5 7 7 3
5 11 8 3
6 4 0 0
6 3 1 4
6 4 2 0
6 6 3 0
6 2 4 1
6 11 5 0
6 9 6 2
6 0 7 1
6 9 8 2
7 4 0 1
7 10 1 1
7 2 2 2
7 9 3 1
7 9 4 4
7 7 5 1
7 6 6 1
7 9 7 2
7 7 8 0
8 2 0 0
8 9 1 0
8 1 2 0
8 0 3 1
8 11 4 1
8 3 5 4
8 5 6 0
8 11 7 1
8 3 8 1
9 2 0 2
9 4 1 3
9 4 2 4
9 1 3 2
9 10 4 0
9 9 5 3
9 8 6 0
9 3 7 1
9 10 8 1
10 4 0 2
10 7 1 4
10 5 2 4
10 9 3 3
10 2 4 2
10 9 5 1
10 5 6 1
10 9 7 1
10 8 8 2
11 9 0 2
11 5 1 1
11 0 2 1
11 11 3 2
11 0 4 4
11 3 5 3
11 1 6 2
11 11 7 1
11 6 8 0