18
162
0 2 0 6
0 12 1 6
0 16 2 2
0 2 3 6
0 2 4 0
0 12 5 4
0 11 6 8
0 0 7 8
0 12 8 7
1 11 0 5
1 11 1 1
1 6 2 5
1 13 3 7
1 6 4 3
1 8 5 8
1 8 6 1
1 2 7 7
1 2 8 4
2 12 0 5
2 1 1 8
2 6 2 2
2 7 3 8
2 13 4 5
2 11 5 7
2 14 6 0
2 3 7 2
2 11 8 4
3 13 0 2
3 3 1 2
3 3 2 1
3 13 3 3
3 4 4 6
3 11 5 7
3 11 6 2
3 8 7 0
3 3 8 8
4 6 0 2
4 1 1 4
4 0 2 1
4 0 3 3
4 3 4 1
4 1 5 5
4 12 6 8
4 17 7 8
4 7 8 3
5 0 0 7
5 13 1 4
5 14 2 4
5 3 3 7
5 10 4 4
5 12 5 1
5 1 6 2
5 3 7 8
5 6 8 8
6 6 0 2
6 15 1 5
6 16 2 3
6 7 3 4
6 4 4 2
6 2 5 3
6 6 6 2
6 17 7 7
6 5 8 3
7 17 0 2
7 8 1 6
7 8 2 8
7 15 3 1
7 4 4 5
7 17 5 4
7 12 6 7
7 14 7 1
7 2 8 3
8 5 0 7
8 9 1 2
8 7 2 7
8 9 3 2
8 15 4 5
8 6 5 7
8 8 6 0
8 5 7 0
8 9 8 4
9 2 0 0
9 9 1 1
9 2 2 5
9 9 3 6
9 3 4 8
9 8 5 1
9 7 6 0
9 7 7 6
9 12 8 7
10 9 0 1
10 7 1 2
10 1 2 4
10 3 3 4
10 4 4 5
10 15 5 6
10 10 6 5
10 2 7 8
10 10 8 2
11 8 0 8
11 17 1 3
11 12 2 4
11 4 3 6
11 14 4 1
11 12 5 1
11 1 6 1
11 16 7 4
11 5 8 6
12 5 0 5
12 4 1 0
12 2 2 3
12 14 3 7
12 15 4 2
12 9 5 1
12 6 6 8
12 17 7 1
12 0 8 8
13 5 0 8
13 16 1 4
13 8 2 4
13 11 3 2
13 12 4 6
13 0 5 6
13 15 6 6
13 9 7 3
13 8 8 1
14 1 0 5
14 6 1 6
14 15 2 5
14 5 3 2
14 7 4 6
14 9 5 1
14 1 6 0
14 16 7 5
14 12 8 8
15 5 0 6
15 5 1 4
15 13 2 0
15 11 3 7
15 1 4 3
15 2 5 0
15 17 6 7
15 11 7 6
15 0 8 0
16 2 0 2
16 8 1 8
16 6 2 3
16 4 3 5
16 9 4 3
16 1 5 0
16 6 6 8
16 8 7 4
16 13 8 7
17 6 0 4
17 1 1 7
17 9 2 8
17 2 3 4
17 1 4 0
17 14 5 4
17 1 6 1
17 9 7 3
17 5 8 1