29
261
0 2 0 6
0 5 1 5
0 26 2 7
0 7 3 1
0 17 4 1
0 9 5 2
0 28 6 4
0 3 7 9
0 11 8 2
1 6 0 7
1 20 1 9
1 18 2 1
1 4 3 2
1 8 4 5
1 14 5 1
1 8 6 1
1 0 7 4
1 25 8 3
2 5 0 7
2 19 1 6
2 10 2 5
2 2 3 9
2 28 4 0
2 25 5 7
2 14 6 9
2 14 7 3
2 10 8 4
3 4 0 5
3 20 1 9
3 24 2 4
3 22 3 1
3 21 4 2
3 14 5 1
3 3 6 7
3 11 7 4
3 7 8 3
4 24 0 6
4 14 1 7
4 12 2 9
4 16 3 2
4 10 4 7
4 27 5 3
4 20 6 7
4 3 7 2
4 0 8 8
5 25 0 7
5 15 1 4
5 6 2 8
5 8 3 2
5 2 4 0
5 19 5 0
5 23 6 1
5 17 7 5
5 23 8 3
6 17 0 4
6 14 1 3
6 1 2 8
6 10 3 3
6 10 4 7
6 9 5 6
6 15 6 0
6 23 7 7
6 11 8 6
7 20 0 5
7 22 1 5
7 22 2 3
7 20 3 4
7 25 4 9
7 5 5 7
7 12 6 5
7 4 7 9
7 15 8 4
8 0 0 7
8 0 1 9
8 15 2 6
8 21 3 9
8 4 4 1
8 15 5 3
8 27 6 9
8 17 7 3
8 6 8 1
9 11 0 3
9 5 1 8
9 0 2 8
9 5 3 7
9 1 4 8
9 0 5 8
9 20 6 2
9 7 7 1
9 17 8 8
10 8 0 7
10 16 1 2
10 5 2 8
10 23 3 5
10 26 4 9
10 21 5 6
10 21 6 3
10 27 7 6
10 8 8 2
11 11 0 3
11 14 1 4
11 16 2 5
11 18 3 9
11 4 4 5
11 22 5 4
11 17 6 7
11 27 7 6
11 14 8 1
12 8 0 6
12 13 1 0
12 0 2 6
12 14 3 3
12 25 4 4
12 13 5 8
12 1 6 8
12 19 7 6
12 17 8 4
13 5 0 8
13 28 1 9
13 28 2 3
13 3 3 8
13 23 4 2
13 5 5 5
13 20 6 8
13 4 7 2
13 19 8 3
14 25 0 7
14 24 1 2
14 2 2 7
14 13 3 8
14 5 4 2
14 8 5 3
14 11 6 2
14 13 7 8
14 20 8 2
15 5 0 4
15 15 1 7
15 0 2 4
15 16 3 1
15 27 4 0
15 16 5 5
15 3 6 8
15 16 7 8
15 26 8 4
16 8 0 3
16 19 1 7
16 1 2 7
16 27 3 1
16 25 4 7
16 12 5 3
16 3 6 3
16 22 7 6
16 28 8 4
17 14 0 7
17 16 1 6
17 27 2 7
17 23 3 1
17 18 4 0
17 22 5 7
17 15 6 1
17 25 7 9
17 14 8 0
18 3 0 7
18 3 1 0
18 2 2 4
18 25 3 4
18 9 4 7
18 11 5 2
18 26 6 2
18 26 7 8
18 7 8 8
19 12 0 7
19 22 1 1
19 12 2 0
19 0 3 0
19 9 4 5
19 22 5 1
19 0 6 4
19 25 7 4
19 22 8 5
20 17 0 6
20 14 1 0
20 2 2 2
20 6 3 7
20 7 4 7
20 8 5 0
20 5 6 5
20 5 7 5
20 0 8 0
21 6 0 8
21 25 1 9
21 13 2 7
21 21 3 2
21 26 4 1
21 6 5 4
21 9 6 2
21 22 7 0
21 9 8 7
22 19 0 8
22 7 1 3
22 28 2 7
22 24 3 3
22 15 4 5
22 11 5 3
22 8 6 7
22 1 7 3
22 5 8 4
23 19 0 6
23 21 1 5
23 11 2 0
23 3 3 3
23 16 4 9
23 25 5 2
23 25 6 1
23 5 7 8
23 18 8 6
24 7 0 2
24 12 1 2
24 21 2 6
24 25 3 7
24 10 4 3
24 25 5 6
24 22 6 9
24 20 7 7
24 11 8 2
25 19 0 0
25 8 1 5
25 13 2 0
25 0 3 9
25 4 4 8
25 15 5 8
25 8 6 6
25 14 7 5
25 1 8 6
26 24 0 4
26 9 1 6
26 10 2 4
26 14 3 5
26 28 4 5
26 5 5 1
26 12 6 4
26 26 7 3
26 15 8 7
27 1 0 7
27 0 1 4
27 27 2 2
27 4 3 6
27 20 4 5
27 5 5 5
27 20 6 2
27 19 7 4
27 14 8 6
28 2 0 5
28 11 1 1
28 12 2 4
28 23 3 9
28 8 4 7
28 28 5 4
28 10 6 5
28 9 7 5
28 17 8 7