43
129
0 29 0 1
0 21 1 0
0 17 2 0
1 24 0 3
1 25 1 2
1 9 2 0
2 2 0 4
2 9 1 0
2 15 2 3
3 22 0 2
3 16 1 1
3 14 2 3
4 4 0 2
4 17 1 1
4 5 2 4
5 34 0 2
5 16 1 0
5 0 2 1
6 42 0 4
6 35 1 1
6 9 2 4
7 24 0 2
7 14 1 2
7 42 2 3
8 22 0 3
8 11 1 4
8 24 2 2
9 7 0 1
9 22 1 2
9 34 2 4
10 6 0 3
10 21 1 1
10 7 2 1
11 32 0 2
11 24 1 3
11 24 2 2
12 32 0 1
12 28 1 0
12 36 2 2
13 36 0 0
13 18 1 4
13 3 2 0
14 35 0 4
14 21 1 3
14 5 2 4
15 33 0 1
15 15 1 3
15 28 2 3
16 29 0 4
16 16 1 0
16 34 2 2
17 41 0 4
17 34 1 0
17 6 2 4
18 17 0 0
18 4 1 0
18 34 2 3
19 42 0 0
19 18 1 1
19 30 2 3
20 15 0 3
20 19 1 4
20 18 2 0
21 38 0 3
21 35 1 4
21 31 2 4
22 12 0 4
22 10 1 3
22 16 2 0
23 30 0 3
23 8 1 1
23 12 2 1
24 19 0 3
24 15 1 3
24 14 2 3
25 13 0 0
25 39 1 2
25 2 2 1
26 33 0 2
26 38 1 0
26 35 2 1
27 7 0 1
27 20 1 4
27 4 2 3
28 34 0 1
28 41 1 2
28 39 2 3
29 6 0 1
29 33 1 0
29 11 2 1
30 35 0 1
30 16 1 1
30 17 2 4
31 6 0 3
31 42 1 4
31 9 2 4
32 3 0 2
32 37 1 3
32 29 2 3
33 1 0 3
33 13 1 1
33 21 2 0
34 33 0 0
34 10 1 3
34 1 2 2
35 25 0 2
35 3 1 2
35 32 2 4
36 16 0 2
36 32 1 1
36 20 2 2
37 36 0 1
37 36 1 4
37 25 2 1
38 34 0 2
38 26 1 2
38 23 2 2
39 5 0 2
39 11 1 4
39 6 2 0
40 16 0 1
40 10 1 0
40 19 2 3
41 18 0 2
41 9 1 4
41 13 2 4
42 37 0 2
42 10 1 1
42 3 2 0