22
66
0 16 0 0
0 3 1 8
0 21 2 6
1 20 0 8
1 12 1 0
1 12 2 0
2 4 0 4
2 0 1 8
2 0 2 0
3 8 0 3
3 13 1 2
3 13 2 2
4 10 0 2
4 18 1 3
4 18 2 8
5 9 0 8
5 17 1 2
5 20 2 2
6 10 0 3
6 8 1 7
6 20 2 7
7 13 0 4
7 21 1 4
7 3 2 1
8 10 0 7
8 3 1 7
8 1 2 5
9 1 0 0
9 0 1 6
9 4 2 2
10 1 0 3
10 3 1 6
10 7 2 3
11 5 0 8
11 17 1 7
11 15 2 8
12 1 0 0
12 20 1 2
12 14 2 4
13 3 0 7
13 18 1 1
13 5 2 8
14 10 0 7
14 4 1 7
14 0 2 4
15 17 0 7
15 12 1 7
15 15 2 6
16 7 0 2
16 16 1 7
16 13 2 6
17 19 0 0
17 9 1 1
17 10 2 4
18 17 0 8
18 9 1 4
18 3 2 1
19 2 0 3
19 15 1 6
19 14 2 6
20 6 0 6
20 1 1 5
20 4 2 7
21 7 0 5
21 15 1 3
21 10 2 8