42
378
0 14 0 2
0 18 1 1
0 5 2 2
0 33 3 3
0 18 4 2
0 2 5 3
0 6 6 1
0 33 7 1
0 35 8 1
1 33 0 0
1 38 1 3
1 27 2 2
1 31 3 3
1 36 4 1
1 4 5 1
1 3 6 3
1 21 7 2
1 23 8 1
2 25 0 1
2 28 1 2
2 10 2 0
2 37 3 1
2 33 4 3
2 15 5 2
2 24 6 3
2 8 7 1
2 24 8 2
3 38 0 3
3 10 1 2
3 26 2 0
3 26 3 2
3 35 4 3
3 35 5 2
3 23 6 3
3 23 7 2
3 1 8 1
4 39 0 2
4 41 1 0
4 39 2 1
4 4 3 2
4 26 4 1
4 12 5 1
4 17 6 0
4 34 7 0
4 38 8 2
5 1 0 1
5 38 1 0
5 20 2 1
5 18 3 2
5 16 4 2
5 19 5 3
5 16 6 0
5 1 7 0
5 41 8 2
6 21 0 1
6 29 1 0
6 15 2 3
6 9 3 3
6 10 4 3
6 9 5 3
6 3 6 3
6 24 7 3
6 1 8 2
7 1 0 2
7 37 1 2
7 18 2 1
7 34 3 3
7 6 4 2
7 22 5 1
7 8 6 2
7 10 7 0
7 3 8 1
8 21 0 2
8 32 1 1
8 36 2 3
8 26 3 0
8 41 4 3
8 27 5 2
8 15 6 2
8 24 7 1
8 36 8 1
9 30 0 3
9 0 1 2
9 21 2 0
9 14 3 2
9 7 4 1
9 7 5 2
9 21 6 0
9 20 7 1
9 38 8 1
10 29 0 1
10 22 1 3
10 14 2 2
10 40 3 2
10 18 4 0
10 33 5 2
10 5 6 1
10 17 7 3
10 8 8 3
11 33 0 2
11 17 1 2
11 34 2 1
11 32 3 0
11 12 4 3
11 27 5 3
11 27 6 1
11 4 7 3
11 7 8 0
12 34 0 1
12 8 1 1
12 1 2 2
12 23 3 0
12 16 4 0
12 36 5 3
12 19 6 1
12 4 7 1
12 1 8 3
13 39 0 0
13 20 1 3
13 14 2 3
13 41 3 2
13 18 4 1
13 39 5 1
13 29 6 0
13 13 7 0
13 30 8 0
14 19 0 1
14 36 1 0
14 35 2 1
14 25 3 1
14 20 4 2
14 2 5 0
14 2 6 2
14 4 7 2
14 11 8 2
15 33 0 3
15 36 1 1
15 25 2 1
15 19 3 3
15 17 4 2
15 31 5 0
15 4 6 2
15 3 7 0
15 23 8 0
16 0 0 1
16 16 1 1
16 10 2 0
16 9 3 0
16 14 4 1
16 28 5 0
16 36 6 1
16 24 7 2
16 22 8 1
17 32 0 3
17 34 1 1
17 22 2 0
17 38 3 1
17 24 4 3
17 28 5 1
17 30 6 2
17 29 7 2
17 34 8 3
18 19 0 2
18 6 1 2
18 29 2 3
18 36 3 1
18 15 4 2
18 26 5 2
18 29 6 0
18 21 7 1
18 39 8 0
19 0 0 2
19 36 1 1
19 39 2 3
19 4 3 0
19 31 4 0
19 10 5 1
19 38 6 3
19 39 7 0
19 41 8 1
20 28 0 3
20 23 1 3
20 37 2 2
20 25 3 0
20 33 4 1
20 0 5 0
20 17 6 2
20 35 7 3
20 16 8 3
21 22 0 3
21 39 1 2
21 2 2 2
21 17 3 0
21 25 4 0
21 19 5 0
21 8 6 3
21 11 7 2
21 20 8 1
22 35 0 1
22 21 1 0
22 11 2 1
22 37 3 2
22 17 4 3
22 22 5 2
22 24 6 0
22 12 7 0
22 32 8 3
23 27 0 0
23 4 1 1
23 41 2 0
23 3 3 1
23 31 4 2
23 39 5 2
23 37 6 0
23 36 7 0
23 24 8 0
24 20 0 1
24 9 1 1
24 37 2 3
24 41 3 2
24 1 4 2
24 39 5 3
24 12 6 0
24 35 7 0
24 27 8 0
25 26 0 3
25 17 1 0
25 21 2 0
25 13 3 3
25 38 4 2
25 8 5 3
25 31 6 2
25 8 7 2
25 13 8 2
26 15 0 1
26 22 1 1
26 8 2 1
26 19 3 0
26 22 4 2
26 7 5 1
26 23 6 1
26 15 7 2
26 30 8 1
27 33 0 0
27 39 1 0
27 29 2 1
27 21 3 3
27 5 4 1
27 40 5 2
27 2 6 1
27 16 7 1
27 18 8 1
28 27 0 2
28 29 1 3
28 40 2 0
28 40 3 1
28 10 4 0
28 12 5 1
28 32 6 2
28 33 7 2
28 18 8 3
29 21 0 1
29 14 1 1
29 24 2 3
29 12 3 0
29 4 4 1
29 27 5 3
29 16 6 2
29 9 7 0
29 30 8 2
30 21 0 3
30 4 1 1
30 1 2 3
30 22 3 1
30 26 4 3
30 40 5 1
30 5 6 1
30 33 7 0
30 16 8 0
31 29 0 1
31 41 1 1
31 9 2 2
31 12 3 2
31 38 4 1
31 27 5 2
31 2 6 3
31 30 7 0
31 36 8 1
32 40 0 1
32 28 1 0
32 6 2 3
32 40 3 0
32 38 4 0
32 12 5 0
32 21 6 0
32 28 7 0
32 5 8 3
33 23 0 0
33 17 1 2
33 2 2 3
33 15 3 1
33 19 4 2
33 22 5 3
33 21 6 2
33 14 7 2
33 12 8 0
34 15 0 0
34 31 1 0
34 15 2 2
34 12 3 2
34 3 4 3
34 29 5 2
34 1 6 0
34 23 7 3
34 21 8 3
35 20 0 1
35 31 1 1
35 37 2 1
35 15 3 0
35 4 4 2
35 31 5 2
35 9 6 0
35 31 7 0
35 38 8 0
36 18 0 3
36 7 1 3
36 29 2 0
36 31 3 0
36 41 4 3
36 10 5 1
36 35 6 3
36 41 7 3
36 5 8 0
37 6 0 3
37 34 1 1
37 10 2 0
37 29 3 3
37 35 4 1
37 3 5 1
37 22 6 0
37 17 7 2
37 18 8 2
38 34 0 3
38 6 1 2
38 5 2 1
38 7 3 1
38 18 4 1
38 0 5 3
38 37 6 2
38 4 7 0
38 29 8 2
39 32 0 0
39 4 1 2
39 31 2 2
39 22 3 3
39 33 4 1
39 2 5 2
39 6 6 0
39 37 7 3
39 30 8 2
40 39 0 1
40 9 1 2
40 14 2 2
40 29 3 3
40 31 4 2
40 40 5 2
40 21 6 0
40 21 7 2
40 9 8 2
41 39 0 3
41 1 1 3
41 5 2 0
41 5 3 1
41 34 4 0
41 16 5 0
41 24 6 2
41 31 7 0
41 30 8 2