15
60
0 14 0 3
0 9 1 2
0 0 2 3
0 9 3 3
1 10 0 4
1 6 1 1
1 1 2 6
1 5 3 6
2 4 0 6
2 2 1 2
2 8 2 4
2 12 3 6
3 12 0 1
3 6 1 3
3 8 2 2
3 11 3 2
4 0 0 5
4 4 1 5
4 5 2 1
4 5 3 5
5 4 0 5
5 0 1 0
5 14 2 1
5 13 3 0
6 3 0 6
6 5 1 6
6 1 2 0
6 0 3 2
7 6 0 4
7 4 1 5
7 11 2 3
7 7 3 4
8 1 0 1
8 14 1 2
8 4 2 3
8 1 3 2
9 4 0 0
9 3 1 4
9 9 2 2
9 2 3 6
10 3 0 0
10 13 1 4
10 10 2 5
10 10 3 2
11 8 0 1
11 1 1 5
11 10 2 2
11 10 3 1
12 13 0 2
12 8 1 4
12 10 2 3
12 7 3 3
13 3 0 3
13 1 1 4
13 5 2 0
13 13 3 5
14 12 0 0
14 1 1 6
14 10 2 0
14 6 3 3