26
78
0 4 0 0
0 18 1 0
0 7 2 2
1 21 0 7
1 24 1 3
1 24 2 4
2 13 0 8
2 22 1 7
2 7 2 5
3 13 0 6
3 5 1 0
3 5 2 8
4 23 0 2
4 7 1 8
4 5 2 6
5 11 0 7
5 5 1 1
5 18 2 1
6 9 0 5
6 15 1 0
6 7 2 3
7 10 0 4
7 8 1 2
7 7 2 7
8 15 0 8
8 20 1 6
8 4 2 8
9 16 0 0
9 7 1 4
9 8 2 5
10 3 0 4
10 5 1 2
10 1 2 7
11 10 0 8
11 23 1 5
11 20 2 5
12 11 0 8
12 8 1 6
12 9 2 3
13 14 0 4
13 8 1 1
13 24 2 8
14 13 0 8
14 8 1 2
14 11 2 0
15 22 0 7
15 5 1 1
15 25 2 8
16 11 0 2
16 1 1 4
16 0 2 7
17 22 0 4
17 24 1 6
17 22 2 1
18 11 0 1
18 4 1 3
18 10 2 4
19 4 0 1
19 11 1 1
19 13 2 1
20 1 0 6
20 0 1 2
20 1 2 4
21 24 0 2
21 7 1 6
21 15 2 8
22 4 0 8
22 1 1 8
22 2 2 8
23 2 0 0
23 22 1 3
23 24 2 5
24 25 0 1
24 12 1 2
24 19 2 7
25 23 0 6
25 20 1 5
25 25 2 6